time,open,high,low,close,volume,note
2010-01-04,3.6600000858306885,3.736999988555908,3.6570000648498535,3.691999912261963,28270000,"KLAC | yfinance | raw OHLC, not adjusted"
2010-01-05,3.684999942779541,3.693000078201294,3.627000093460083,3.6510000228881836,21362000,"KLAC | yfinance | raw OHLC, not adjusted"
2010-01-06,3.640000104904175,3.683000087738037,3.627000093460083,3.63700008392334,23794000,"KLAC | yfinance | raw OHLC, not adjusted"
2010-01-07,3.621000051498413,3.6640000343322754,3.572999954223633,3.6570000648498535,23119000,"KLAC | yfinance | raw OHLC, not adjusted"
2010-01-08,3.6470000743865967,3.7179999351501465,3.634000062942505,3.7119998931884766,23796000,"KLAC | yfinance | raw OHLC, not adjusted"
2010-01-11,3.7230000495910645,3.740999937057495,3.634999990463257,3.696000099182129,19614000,"KLAC | yfinance | raw OHLC, not adjusted"
2010-01-12,3.6700000762939453,3.6760001182556152,3.5299999713897705,3.566999912261963,30022000,"KLAC | yfinance | raw OHLC, not adjusted"
2010-01-13,3.5889999866485596,3.627000093460083,3.494999885559082,3.6089999675750732,39695000,"KLAC | yfinance | raw OHLC, not adjusted"
2010-01-14,3.572999954223633,3.5950000286102295,3.4809999465942383,3.5,58674000,"KLAC | yfinance | raw OHLC, not adjusted"
2010-01-15,3.493000030517578,3.5239999294281006,3.3269999027252197,3.3340001106262207,67210000,"KLAC | yfinance | raw OHLC, not adjusted"
2010-01-19,3.3480000495910645,3.377000093460083,3.319999933242798,3.364000082015991,43745000,"KLAC | yfinance | raw OHLC, not adjusted"
2010-01-20,3.3299999237060547,3.3340001106262207,3.26200008392334,3.322999954223633,46059000,"KLAC | yfinance | raw OHLC, not adjusted"
2010-01-21,3.3350000381469727,3.390000104904175,3.2760000228881836,3.2850000858306885,38524000,"KLAC | yfinance | raw OHLC, not adjusted"
2010-01-22,3.2230000495910645,3.23799991607666,3.072000026702881,3.0859999656677246,79913000,"KLAC | yfinance | raw OHLC, not adjusted"
2010-01-25,3.0789999961853027,3.140000104904175,3.078000068664551,3.0959999561309814,40213000,"KLAC | yfinance | raw OHLC, not adjusted"
2010-01-26,3.072000026702881,3.131999969482422,3.065999984741211,3.066999912261963,38434000,"KLAC | yfinance | raw OHLC, not adjusted"
2010-01-27,3.055999994277954,3.119999885559082,3.0160000324249268,3.0850000381469727,45574000,"KLAC | yfinance | raw OHLC, not adjusted"
2010-01-28,3.0899999141693115,3.0980000495910645,2.8929998874664307,2.937999963760376,86748000,"KLAC | yfinance | raw OHLC, not adjusted"
2010-01-29,2.9730000495910645,2.9749999046325684,2.7799999713897705,2.819999933242798,105196000,"KLAC | yfinance | raw OHLC, not adjusted"
2010-02-01,2.8450000286102295,2.9200000762939453,2.8299999237060547,2.9189999103546143,69826000,"KLAC | yfinance | raw OHLC, not adjusted"
2010-02-02,2.9140000343322754,2.938999891281128,2.86899995803833,2.9100000858306885,52457000,"KLAC | yfinance | raw OHLC, not adjusted"
2010-02-03,2.8949999809265137,2.940999984741211,2.871999979019165,2.928999900817871,61578000,"KLAC | yfinance | raw OHLC, not adjusted"
2010-02-04,2.9240000247955322,2.944000005722046,2.812000036239624,2.8310000896453857,58912000,"KLAC | yfinance | raw OHLC, not adjusted"
2010-02-05,2.8469998836517334,2.8959999084472656,2.805999994277954,2.878999948501587,59021000,"KLAC | yfinance | raw OHLC, not adjusted"
2010-02-08,2.878999948501587,2.930999994277954,2.8299999237060547,2.871999979019165,32998000,"KLAC | yfinance | raw OHLC, not adjusted"
2010-02-09,2.9110000133514404,2.9539999961853027,2.875999927520752,2.9170000553131104,35399000,"KLAC | yfinance | raw OHLC, not adjusted"
2010-02-10,2.9149999618530273,2.950000047683716,2.869999885559082,2.8989999294281006,23483000,"KLAC | yfinance | raw OHLC, not adjusted"
2010-02-11,2.8919999599456787,2.9649999141693115,2.86299991607666,2.947999954223633,41734000,"KLAC | yfinance | raw OHLC, not adjusted"
2010-02-12,2.9100000858306885,3.01200008392334,2.875999927520752,2.9670000076293945,44932000,"KLAC | yfinance | raw OHLC, not adjusted"
2010-02-16,3.01200008392334,3.0829999446868896,2.9779999256134033,3.0820000171661377,43373000,"KLAC | yfinance | raw OHLC, not adjusted"
2010-02-17,3.0899999141693115,3.0959999561309814,3.005000114440918,3.0429999828338623,33279000,"KLAC | yfinance | raw OHLC, not adjusted"
2010-02-18,3.0269999504089355,3.0269999504089355,2.9670000076293945,3.0250000953674316,31800000,"KLAC | yfinance | raw OHLC, not adjusted"
2010-02-19,3.0450000762939453,3.072999954223633,3.009999990463257,3.058000087738037,36989000,"KLAC | yfinance | raw OHLC, not adjusted"
2010-02-22,3.0789999961853027,3.0820000171661377,3.0179998874664307,3.0329999923706055,28493000,"KLAC | yfinance | raw OHLC, not adjusted"
2010-02-23,3.002000093460083,3.015000104904175,2.880000114440918,2.8889999389648438,52282000,"KLAC | yfinance | raw OHLC, not adjusted"
2010-02-24,2.9110000133514404,2.950000047683716,2.890000104904175,2.9089999198913574,53158000,"KLAC | yfinance | raw OHLC, not adjusted"
2010-02-25,2.8489999771118164,2.8929998874664307,2.7980000972747803,2.890000104904175,44404000,"KLAC | yfinance | raw OHLC, not adjusted"
2010-02-26,2.8919999599456787,2.9140000343322754,2.8440001010894775,2.9130001068115234,33117000,"KLAC | yfinance | raw OHLC, not adjusted"
2010-03-01,2.938999891281128,3.0160000324249268,2.937000036239624,3.0139999389648438,36532000,"KLAC | yfinance | raw OHLC, not adjusted"
2010-03-02,3.0480000972747803,3.069999933242798,3.0190000534057617,3.0260000228881836,30167000,"KLAC | yfinance | raw OHLC, not adjusted"
2010-03-03,3.0350000858306885,3.072000026702881,3.007999897003174,3.0230000019073486,23719000,"KLAC | yfinance | raw OHLC, not adjusted"
2010-03-04,3.0179998874664307,3.0439999103546143,2.9619998931884766,3.003000020980835,20375000,"KLAC | yfinance | raw OHLC, not adjusted"
2010-03-05,3.0199999809265137,3.062999963760376,2.996000051498413,3.0290000438690186,25787000,"KLAC | yfinance | raw OHLC, not adjusted"
2010-03-08,3.0380001068115234,3.0480000972747803,3.010999917984009,3.013000011444092,20010000,"KLAC | yfinance | raw OHLC, not adjusted"
2010-03-09,2.993000030517578,3.009999990463257,2.9579999446868896,2.9749999046325684,31264000,"KLAC | yfinance | raw OHLC, not adjusted"
2010-03-10,2.9679999351501465,3.0199999809265137,2.9639999866485596,3.013000011444092,27337000,"KLAC | yfinance | raw OHLC, not adjusted"
2010-03-11,2.997999906539917,3.0160000324249268,2.9579999446868896,2.999000072479248,27892000,"KLAC | yfinance | raw OHLC, not adjusted"
2010-03-12,3.003999948501587,3.009000062942505,2.930999994277954,2.944999933242798,39705000,"KLAC | yfinance | raw OHLC, not adjusted"
2010-03-15,2.867000102996826,2.872999906539917,2.7699999809265137,2.809000015258789,72962000,"KLAC | yfinance | raw OHLC, not adjusted"
2010-03-16,2.818000078201294,2.9059998989105225,2.808000087738037,2.9010000228881836,47182000,"KLAC | yfinance | raw OHLC, not adjusted"
2010-03-17,2.9210000038146973,2.947000026702881,2.9000000953674316,2.941999912261963,42093000,"KLAC | yfinance | raw OHLC, not adjusted"
2010-03-18,2.931999921798706,2.9790000915527344,2.88700008392334,2.9089999198913574,36976000,"KLAC | yfinance | raw OHLC, not adjusted"
2010-03-19,2.947999954223633,2.953000068664551,2.8489999771118164,2.878999948501587,39415000,"KLAC | yfinance | raw OHLC, not adjusted"
2010-03-22,2.868000030517578,2.984999895095825,2.8570001125335693,2.9769999980926514,33518000,"KLAC | yfinance | raw OHLC, not adjusted"
2010-03-23,2.9700000286102295,3.119999885559082,2.9619998931884766,3.1089999675750732,68795000,"KLAC | yfinance | raw OHLC, not adjusted"
2010-03-24,3.072999954223633,3.128999948501587,3.0439999103546143,3.065999984741211,53603000,"KLAC | yfinance | raw OHLC, not adjusted"
2010-03-25,3.1089999675750732,3.1459999084472656,3.0840001106262207,3.0880000591278076,42073000,"KLAC | yfinance | raw OHLC, not adjusted"
2010-03-26,3.117000102996826,3.140000104904175,3.0250000953674316,3.0409998893737793,40179000,"KLAC | yfinance | raw OHLC, not adjusted"
2010-03-29,3.059999942779541,3.0899999141693115,3.0439999103546143,3.061000108718872,26516000,"KLAC | yfinance | raw OHLC, not adjusted"
2010-03-30,3.0829999446868896,3.1059999465942383,3.052999973297119,3.0880000591278076,22970000,"KLAC | yfinance | raw OHLC, not adjusted"
2010-03-31,3.055000066757202,3.131999969482422,3.0490000247955322,3.0929999351501465,42001000,"KLAC | yfinance | raw OHLC, not adjusted"
2010-04-01,3.128999948501587,3.2170000076293945,3.069000005722046,3.1110000610351562,54641000,"KLAC | yfinance | raw OHLC, not adjusted"
2010-04-05,3.1510000228881836,3.2200000286102295,3.1410000324249268,3.2109999656677246,35750000,"KLAC | yfinance | raw OHLC, not adjusted"
2010-04-06,3.193000078201294,3.2130000591278076,3.1740000247955322,3.194000005722046,21321000,"KLAC | yfinance | raw OHLC, not adjusted"
2010-04-07,3.1710000038146973,3.194999933242798,3.134999990463257,3.1689999103546143,34202000,"KLAC | yfinance | raw OHLC, not adjusted"
2010-04-08,3.1630001068115234,3.1630001068115234,3.0920000076293945,3.1089999675750732,37118000,"KLAC | yfinance | raw OHLC, not adjusted"
2010-04-09,3.1110000610351562,3.1559998989105225,3.0950000286102295,3.1519999504089355,22946000,"KLAC | yfinance | raw OHLC, not adjusted"
2010-04-12,3.1600000858306885,3.194999933242798,3.13700008392334,3.1659998893737793,21094000,"KLAC | yfinance | raw OHLC, not adjusted"
2010-04-13,3.1689999103546143,3.2019999027252197,3.1410000324249268,3.197999954223633,29725000,"KLAC | yfinance | raw OHLC, not adjusted"
2010-04-14,3.26200008392334,3.3359999656677246,3.250999927520752,3.3289999961853027,40713000,"KLAC | yfinance | raw OHLC, not adjusted"
2010-04-15,3.322000026702881,3.3410000801086426,3.2960000038146973,3.319000005722046,27287000,"KLAC | yfinance | raw OHLC, not adjusted"
2010-04-16,3.312999963760376,3.3429999351501465,3.2699999809265137,3.3380000591278076,49718000,"KLAC | yfinance | raw OHLC, not adjusted"
2010-04-19,3.3340001106262207,3.3940000534057617,3.253999948501587,3.3259999752044678,46177000,"KLAC | yfinance | raw OHLC, not adjusted"
2010-04-20,3.3510000705718994,3.38700008392334,3.312000036239624,3.3450000286102295,30929000,"KLAC | yfinance | raw OHLC, not adjusted"
2010-04-21,3.371000051498413,3.384999990463257,3.2880001068115234,3.3440001010894775,29546000,"KLAC | yfinance | raw OHLC, not adjusted"
2010-04-22,3.315000057220459,3.4549999237060547,3.260999917984009,3.444999933242798,57072000,"KLAC | yfinance | raw OHLC, not adjusted"
2010-04-23,3.438999891281128,3.453000068664551,3.380000114440918,3.447999954223633,23282000,"KLAC | yfinance | raw OHLC, not adjusted"
2010-04-26,3.4560000896453857,3.49399995803833,3.440000057220459,3.4609999656677246,23092000,"KLAC | yfinance | raw OHLC, not adjusted"
2010-04-27,3.440999984741211,3.4820001125335693,3.359999895095825,3.365999937057495,35234000,"KLAC | yfinance | raw OHLC, not adjusted"
2010-04-28,3.382999897003174,3.4159998893737793,3.3350000381469727,3.359999895095825,38399000,"KLAC | yfinance | raw OHLC, not adjusted"
2010-04-29,3.375,3.4779999256134033,3.375,3.4690001010894775,44954000,"KLAC | yfinance | raw OHLC, not adjusted"
2010-04-30,3.575000047683716,3.6070001125335693,3.4040000438690186,3.4059998989105225,73781000,"KLAC | yfinance | raw OHLC, not adjusted"
2010-05-03,3.438999891281128,3.549999952316284,3.4260001182556152,3.5299999713897705,47014000,"KLAC | yfinance | raw OHLC, not adjusted"
2010-05-04,3.486999988555908,3.497999906539917,3.319999933242798,3.3889999389648438,73277000,"KLAC | yfinance | raw OHLC, not adjusted"
2010-05-05,3.367000102996826,3.4779999256134033,3.2690000534057617,3.303999900817871,48791000,"KLAC | yfinance | raw OHLC, not adjusted"
2010-05-06,3.2899999618530273,3.5,2.996999979019165,3.190000057220459,65726000,"KLAC | yfinance | raw OHLC, not adjusted"
2010-05-07,3.1679999828338623,3.2200000286102295,3.0250000953674316,3.114000082015991,55115000,"KLAC | yfinance | raw OHLC, not adjusted"
2010-05-10,3.239000082015991,3.2960000038146973,3.1989998817443848,3.2690000534057617,35710000,"KLAC | yfinance | raw OHLC, not adjusted"
2010-05-11,3.24399995803833,3.3289999961853027,3.2090001106262207,3.2669999599456787,36692000,"KLAC | yfinance | raw OHLC, not adjusted"
2010-05-12,3.2769999504089355,3.325000047683716,3.260999917984009,3.322000026702881,30087000,"KLAC | yfinance | raw OHLC, not adjusted"
2010-05-13,3.299999952316284,3.313999891281128,3.197999954223633,3.2119998931884766,30531000,"KLAC | yfinance | raw OHLC, not adjusted"
2010-05-14,3.181999921798706,3.193000078201294,3.058000087738037,3.0980000495910645,44583000,"KLAC | yfinance | raw OHLC, not adjusted"
2010-05-17,3.1080000400543213,3.1689999103546143,3.058000087738037,3.1570000648498535,48085000,"KLAC | yfinance | raw OHLC, not adjusted"
2010-05-18,3.200000047683716,3.2090001106262207,3.049999952316284,3.055000066757202,33765000,"KLAC | yfinance | raw OHLC, not adjusted"
2010-05-19,3.052999973297119,3.114000082015991,3.0,3.069999933242798,35292000,"KLAC | yfinance | raw OHLC, not adjusted"
2010-05-20,3.0309998989105225,3.0480000972747803,2.947999954223633,2.9860000610351562,59371000,"KLAC | yfinance | raw OHLC, not adjusted"
2010-05-21,2.9200000762939453,3.0859999656677246,2.9070000648498535,3.0230000019073486,45417000,"KLAC | yfinance | raw OHLC, not adjusted"
2010-05-24,2.98799991607666,3.0230000019073486,2.944000005722046,2.9509999752044678,30199000,"KLAC | yfinance | raw OHLC, not adjusted"
2010-05-25,2.88700008392334,2.9779999256134033,2.8440001010894775,2.9749999046325684,43297000,"KLAC | yfinance | raw OHLC, not adjusted"
2010-05-26,3.0220000743865967,3.059999942779541,2.9539999961853027,2.9579999446868896,39305000,"KLAC | yfinance | raw OHLC, not adjusted"
2010-05-27,3.0320000648498535,3.130000114440918,3.009000062942505,3.125999927520752,35773000,"KLAC | yfinance | raw OHLC, not adjusted"
2010-05-28,3.125,3.125,3.0320000648498535,3.0769999027252197,25560000,"KLAC | yfinance | raw OHLC, not adjusted"
2010-06-01,3.053999900817871,3.1050000190734863,2.984999895095825,2.993000030517578,28243000,"KLAC | yfinance | raw OHLC, not adjusted"
2010-06-02,3.005000114440918,3.0850000381469727,2.9730000495910645,3.0850000381469727,35212000,"KLAC | yfinance | raw OHLC, not adjusted"
2010-06-03,3.0920000076293945,3.1740000247955322,3.0910000801086426,3.1630001068115234,45520000,"KLAC | yfinance | raw OHLC, not adjusted"
2010-06-04,3.068000078201294,3.132999897003174,2.9700000286102295,2.992000102996826,49895000,"KLAC | yfinance | raw OHLC, not adjusted"
2010-06-07,2.996000051498413,3.0190000534057617,2.8310000896453857,2.8410000801086426,75402000,"KLAC | yfinance | raw OHLC, not adjusted"
2010-06-08,2.8420000076293945,2.859999895095825,2.7720000743865967,2.8350000381469727,83733000,"KLAC | yfinance | raw OHLC, not adjusted"
2010-06-09,2.8469998836517334,2.9100000858306885,2.7960000038146973,2.808000087738037,40639000,"KLAC | yfinance | raw OHLC, not adjusted"
2010-06-10,2.86299991607666,2.9189999103546143,2.8450000286102295,2.9019999504089355,36962000,"KLAC | yfinance | raw OHLC, not adjusted"
2010-06-11,2.861999988555908,2.944000005722046,2.8559999465942383,2.9159998893737793,41070000,"KLAC | yfinance | raw OHLC, not adjusted"
2010-06-14,2.9560000896453857,2.990000009536743,2.9260001182556152,2.930000066757202,38909000,"KLAC | yfinance | raw OHLC, not adjusted"
2010-06-15,2.9549999237060547,3.0480000972747803,2.937999963760376,3.0390000343322754,53397000,"KLAC | yfinance | raw OHLC, not adjusted"
2010-06-16,3.0250000953674316,3.055999994277954,2.9790000915527344,3.0260000228881836,58120000,"KLAC | yfinance | raw OHLC, not adjusted"
2010-06-17,3.0369999408721924,3.0480000972747803,2.9579999446868896,3.0399999618530273,32333000,"KLAC | yfinance | raw OHLC, not adjusted"
2010-06-18,3.0429999828338623,3.0850000381469727,3.0280001163482666,3.0799999237060547,44635000,"KLAC | yfinance | raw OHLC, not adjusted"
2010-06-21,3.117000102996826,3.2300000190734863,3.115999937057495,3.1549999713897705,74244000,"KLAC | yfinance | raw OHLC, not adjusted"
2010-06-22,3.1630001068115234,3.200000047683716,3.062000036239624,3.078000068664551,48552000,"KLAC | yfinance | raw OHLC, not adjusted"
2010-06-23,3.0840001106262207,3.135999917984009,3.0320000648498535,3.0910000801086426,26995000,"KLAC | yfinance | raw OHLC, not adjusted"
2010-06-24,3.0769999027252197,3.0820000171661377,2.9670000076293945,2.9790000915527344,35735000,"KLAC | yfinance | raw OHLC, not adjusted"
2010-06-25,2.9779999256134033,3.0299999713897705,2.9130001068115234,2.98799991607666,53809000,"KLAC | yfinance | raw OHLC, not adjusted"
2010-06-28,2.993000030517578,3.0399999618530273,2.944000005722046,3.000999927520752,36648000,"KLAC | yfinance | raw OHLC, not adjusted"
2010-06-29,2.937000036239624,2.937000036239624,2.809000015258789,2.8269999027252197,72599000,"KLAC | yfinance | raw OHLC, not adjusted"
2010-06-30,2.8299999237060547,2.864000082015991,2.7790000438690186,2.7880001068115234,39194000,"KLAC | yfinance | raw OHLC, not adjusted"
2010-07-01,2.7790000438690186,2.7990000247955322,2.6689999103546143,2.7160000801086426,82175000,"KLAC | yfinance | raw OHLC, not adjusted"
2010-07-02,2.7320001125335693,2.749000072479248,2.6730000972747803,2.7209999561309814,31698000,"KLAC | yfinance | raw OHLC, not adjusted"
2010-07-06,2.7769999504089355,2.7990000247955322,2.7019999027252197,2.7300000190734863,39353000,"KLAC | yfinance | raw OHLC, not adjusted"
2010-07-07,2.7179999351501465,2.86899995803833,2.7179999351501465,2.865999937057495,39830000,"KLAC | yfinance | raw OHLC, not adjusted"
2010-07-08,2.890000104904175,2.9000000953674316,2.7909998893737793,2.869999885559082,55422000,"KLAC | yfinance | raw OHLC, not adjusted"
2010-07-09,2.936000108718872,3.005000114440918,2.9170000553131104,2.9800000190734863,57732000,"KLAC | yfinance | raw OHLC, not adjusted"
2010-07-12,2.9820001125335693,3.0250000953674316,2.928999900817871,2.9509999752044678,44205000,"KLAC | yfinance | raw OHLC, not adjusted"
2010-07-13,3.006999969482422,3.1570000648498535,2.990000009536743,3.127000093460083,73554000,"KLAC | yfinance | raw OHLC, not adjusted"
2010-07-14,3.135999917984009,3.1989998817443848,3.0220000743865967,3.053999900817871,81195000,"KLAC | yfinance | raw OHLC, not adjusted"
2010-07-15,3.072999954223633,3.075000047683716,3.00600004196167,3.052000045776367,60536000,"KLAC | yfinance | raw OHLC, not adjusted"
2010-07-16,3.058000087738037,3.062000036239624,2.9210000038146973,2.9230000972747803,54323000,"KLAC | yfinance | raw OHLC, not adjusted"
2010-07-19,2.947000026702881,3.009000062942505,2.938999891281128,3.003999948501587,37310000,"KLAC | yfinance | raw OHLC, not adjusted"
2010-07-20,2.944000005722046,3.049999952316284,2.8940000534057617,3.0460000038146973,46441000,"KLAC | yfinance | raw OHLC, not adjusted"
2010-07-21,3.062999963760376,3.0769999027252197,2.9690001010894775,2.9709999561309814,51431000,"KLAC | yfinance | raw OHLC, not adjusted"
2010-07-22,3.010999917984009,3.1080000400543213,2.997999906539917,3.0829999446868896,45393000,"KLAC | yfinance | raw OHLC, not adjusted"
2010-07-23,3.071000099182129,3.125999927520752,3.0309998989105225,3.11899995803833,30344000,"KLAC | yfinance | raw OHLC, not adjusted"
2010-07-26,3.115000009536743,3.187999963760376,3.061000108718872,3.183000087738037,30843000,"KLAC | yfinance | raw OHLC, not adjusted"
2010-07-27,3.200000047683716,3.2179999351501465,3.122999906539917,3.1570000648498535,35781000,"KLAC | yfinance | raw OHLC, not adjusted"
2010-07-28,3.1429998874664307,3.1740000247955322,3.0759999752044678,3.0910000801086426,24468000,"KLAC | yfinance | raw OHLC, not adjusted"
2010-07-29,3.115999937057495,3.1700000762939453,3.0190000534057617,3.0820000171661377,39608000,"KLAC | yfinance | raw OHLC, not adjusted"
2010-07-30,3.062000036239624,3.187000036239624,2.989000082015991,3.1670000553131104,52473000,"KLAC | yfinance | raw OHLC, not adjusted"
2010-08-02,3.2019999027252197,3.249000072479248,3.1700000762939453,3.2260000705718994,27901000,"KLAC | yfinance | raw OHLC, not adjusted"
2010-08-03,3.2190001010894775,3.242000102996826,3.1700000762939453,3.236999988555908,27135000,"KLAC | yfinance | raw OHLC, not adjusted"
2010-08-04,3.239000082015991,3.2769999504089355,3.2070000171661377,3.2699999809265137,27796000,"KLAC | yfinance | raw OHLC, not adjusted"
2010-08-05,3.236999988555908,3.2899999618530273,3.2160000801086426,3.252000093460083,23008000,"KLAC | yfinance | raw OHLC, not adjusted"
2010-08-06,3.2019999027252197,3.2669999599456787,3.1740000247955322,3.2300000190734863,28803000,"KLAC | yfinance | raw OHLC, not adjusted"
2010-08-09,3.256999969482422,3.257999897003174,3.193000078201294,3.252000093460083,19448000,"KLAC | yfinance | raw OHLC, not adjusted"
2010-08-10,3.200000047683716,3.200000047683716,3.1059999465942383,3.1429998874664307,45804000,"KLAC | yfinance | raw OHLC, not adjusted"
2010-08-11,3.065999984741211,3.0899999141693115,2.9549999237060547,2.9779999256134033,50424000,"KLAC | yfinance | raw OHLC, not adjusted"
2010-08-12,2.9000000953674316,2.9779999256134033,2.8610000610351562,2.9119999408721924,37872000,"KLAC | yfinance | raw OHLC, not adjusted"
2010-08-13,2.944999933242798,2.990999937057495,2.9089999198913574,2.9100000858306885,31266000,"KLAC | yfinance | raw OHLC, not adjusted"
2010-08-16,2.8889999389648438,2.9509999752044678,2.869999885559082,2.9049999713897705,30423000,"KLAC | yfinance | raw OHLC, not adjusted"
2010-08-17,2.938999891281128,2.997999906539917,2.9140000343322754,2.9730000495910645,24372000,"KLAC | yfinance | raw OHLC, not adjusted"
2010-08-18,2.9600000381469727,3.0490000247955322,2.937000036239624,3.0280001163482666,35350000,"KLAC | yfinance | raw OHLC, not adjusted"
2010-08-19,3.0199999809265137,3.0429999828338623,2.9560000896453857,2.993000030517578,32278000,"KLAC | yfinance | raw OHLC, not adjusted"
2010-08-20,2.990000009536743,3.00600004196167,2.930999994277954,2.9719998836517334,24683000,"KLAC | yfinance | raw OHLC, not adjusted"
2010-08-23,2.9860000610351562,3.0139999389648438,2.8989999294281006,2.9010000228881836,30819000,"KLAC | yfinance | raw OHLC, not adjusted"
2010-08-24,2.8529999256134033,2.9019999504089355,2.8329999446868896,2.859999895095825,37038000,"KLAC | yfinance | raw OHLC, not adjusted"
2010-08-25,2.8399999141693115,2.9110000133514404,2.7909998893737793,2.9040000438690186,35925000,"KLAC | yfinance | raw OHLC, not adjusted"
2010-08-26,2.921999931335449,2.930999994277954,2.8420000076293945,2.859999895095825,25633000,"KLAC | yfinance | raw OHLC, not adjusted"
2010-08-27,2.882999897003174,2.921999931335449,2.7850000858306885,2.9130001068115234,37938000,"KLAC | yfinance | raw OHLC, not adjusted"
2010-08-30,2.8919999599456787,2.9240000247955322,2.8410000801086426,2.8410000801086426,18886000,"KLAC | yfinance | raw OHLC, not adjusted"
2010-08-31,2.819000005722046,2.859999895095825,2.7750000953674316,2.8010001182556152,36879000,"KLAC | yfinance | raw OHLC, not adjusted"
2010-09-01,2.8589999675750732,2.931999921798706,2.8429999351501465,2.8989999294281006,31835000,"KLAC | yfinance | raw OHLC, not adjusted"
2010-09-02,2.8970000743865967,2.9800000190734863,2.888000011444092,2.9769999980926514,31442000,"KLAC | yfinance | raw OHLC, not adjusted"
2010-09-03,3.0269999504089355,3.0460000038146973,2.9619998931884766,3.0350000858306885,21866000,"KLAC | yfinance | raw OHLC, not adjusted"
2010-09-07,2.9639999866485596,2.984999895095825,2.8489999771118164,2.865999937057495,41487000,"KLAC | yfinance | raw OHLC, not adjusted"
2010-09-08,2.884000062942505,2.9100000858306885,2.8269999027252197,2.875999927520752,34550000,"KLAC | yfinance | raw OHLC, not adjusted"
2010-09-09,2.9189999103546143,2.9230000972747803,2.8589999675750732,2.8910000324249268,27635000,"KLAC | yfinance | raw OHLC, not adjusted"
2010-09-10,2.9019999504089355,2.9079999923706055,2.7939999103546143,2.8429999351501465,29188000,"KLAC | yfinance | raw OHLC, not adjusted"
2010-09-13,2.882999897003174,2.950000047683716,2.882999897003174,2.928999900817871,24264000,"KLAC | yfinance | raw OHLC, not adjusted"
2010-09-14,2.9140000343322754,3.0169999599456787,2.890000104904175,2.9809999465942383,24444000,"KLAC | yfinance | raw OHLC, not adjusted"
2010-09-15,2.9590001106262207,3.009000062942505,2.934000015258789,3.000999927520752,16282000,"KLAC | yfinance | raw OHLC, not adjusted"
2010-09-16,2.9820001125335693,3.121000051498413,2.9820001125335693,3.1080000400543213,76583000,"KLAC | yfinance | raw OHLC, not adjusted"
2010-09-17,3.11899995803833,3.134999990463257,3.0769999027252197,3.1050000190734863,41848000,"KLAC | yfinance | raw OHLC, not adjusted"
2010-09-20,3.114000082015991,3.1619999408721924,3.0829999446868896,3.1549999713897705,36077000,"KLAC | yfinance | raw OHLC, not adjusted"
2010-09-21,3.1489999294281006,3.2330000400543213,3.131999969482422,3.2290000915527344,59894000,"KLAC | yfinance | raw OHLC, not adjusted"
2010-09-22,3.2019999027252197,3.246000051498413,3.1600000858306885,3.2009999752044678,53053000,"KLAC | yfinance | raw OHLC, not adjusted"
2010-09-23,3.1630001068115234,3.3380000591278076,3.1440000534057617,3.2809998989105225,55128000,"KLAC | yfinance | raw OHLC, not adjusted"
2010-09-24,3.309000015258789,3.36899995803833,3.303999900817871,3.3450000286102295,52741000,"KLAC | yfinance | raw OHLC, not adjusted"
2010-09-27,3.3429999351501465,3.4059998989105225,3.319999933242798,3.38100004196167,28453000,"KLAC | yfinance | raw OHLC, not adjusted"
2010-09-28,3.4049999713897705,3.499000072479248,3.359999895095825,3.490000009536743,45946000,"KLAC | yfinance | raw OHLC, not adjusted"
2010-09-29,3.4779999256134033,3.5320000648498535,3.4660000801086426,3.51200008392334,43767000,"KLAC | yfinance | raw OHLC, not adjusted"
2010-09-30,3.5280001163482666,3.569999933242798,3.4679999351501465,3.5230000019073486,49028000,"KLAC | yfinance | raw OHLC, not adjusted"
2010-10-01,3.5460000038146973,3.5739998817443848,3.4670000076293945,3.500999927520752,38001000,"KLAC | yfinance | raw OHLC, not adjusted"
2010-10-04,3.484999895095825,3.5,3.4000000953674316,3.4240000247955322,41134000,"KLAC | yfinance | raw OHLC, not adjusted"
2010-10-05,3.4679999351501465,3.5269999504089355,3.4579999446868896,3.5160000324249268,37294000,"KLAC | yfinance | raw OHLC, not adjusted"
2010-10-06,3.5160000324249268,3.5179998874664307,3.4230000972747803,3.4700000286102295,35768000,"KLAC | yfinance | raw OHLC, not adjusted"
2010-10-07,3.4800000190734863,3.5179998874664307,3.431999921798706,3.5,27090000,"KLAC | yfinance | raw OHLC, not adjusted"
2010-10-08,3.4100000858306885,3.4549999237060547,3.3010001182556152,3.444999933242798,63769000,"KLAC | yfinance | raw OHLC, not adjusted"
2010-10-11,3.440999984741211,3.513000011444092,3.4200000762939453,3.4519999027252197,27583000,"KLAC | yfinance | raw OHLC, not adjusted"
2010-10-12,3.430000066757202,3.490999937057495,3.4149999618530273,3.4690001010894775,39455000,"KLAC | yfinance | raw OHLC, not adjusted"
2010-10-13,3.484999895095825,3.515000104904175,3.4560000896453857,3.496000051498413,26212000,"KLAC | yfinance | raw OHLC, not adjusted"
2010-10-14,3.4809999465942383,3.5290000438690186,3.4670000076293945,3.496000051498413,22486000,"KLAC | yfinance | raw OHLC, not adjusted"
2010-10-15,3.5239999294281006,3.571000099182129,3.4700000286102295,3.566999912261963,39007000,"KLAC | yfinance | raw OHLC, not adjusted"
2010-10-18,3.572999954223633,3.575000047683716,3.5139999389648438,3.565000057220459,23041000,"KLAC | yfinance | raw OHLC, not adjusted"
2010-10-19,3.5199999809265137,3.621000051498413,3.4809999465942383,3.5160000324249268,37903000,"KLAC | yfinance | raw OHLC, not adjusted"
2010-10-20,3.5320000648498535,3.5799999237060547,3.502000093460083,3.559000015258789,23680000,"KLAC | yfinance | raw OHLC, not adjusted"
2010-10-21,3.5739998817443848,3.6080000400543213,3.552000045776367,3.5899999141693115,33012000,"KLAC | yfinance | raw OHLC, not adjusted"
2010-10-22,3.5999999046325684,3.619999885559082,3.5739998817443848,3.5989999771118164,35633000,"KLAC | yfinance | raw OHLC, not adjusted"
2010-10-25,3.621999979019165,3.7060000896453857,3.615999937057495,3.680999994277954,30946000,"KLAC | yfinance | raw OHLC, not adjusted"
2010-10-26,3.6630001068115234,3.6679999828338623,3.578000068664551,3.5989999771118164,35048000,"KLAC | yfinance | raw OHLC, not adjusted"
2010-10-27,3.569000005722046,3.6579999923706055,3.555999994277954,3.6559998989105225,31989000,"KLAC | yfinance | raw OHLC, not adjusted"
2010-10-28,3.578000068664551,3.61899995803833,3.5409998893737793,3.5480000972747803,62845000,"KLAC | yfinance | raw OHLC, not adjusted"
2010-10-29,3.5439999103546143,3.5859999656677246,3.51200008392334,3.572000026702881,43114000,"KLAC | yfinance | raw OHLC, not adjusted"
2010-11-01,3.5769999027252197,3.5989999771118164,3.5269999504089355,3.555999994277954,34173000,"KLAC | yfinance | raw OHLC, not adjusted"
2010-11-02,3.5759999752044678,3.5910000801086426,3.515000104904175,3.5859999656677246,28676000,"KLAC | yfinance | raw OHLC, not adjusted"
2010-11-03,3.572000026702881,3.6110000610351562,3.552000045776367,3.6080000400543213,26912000,"KLAC | yfinance | raw OHLC, not adjusted"
2010-11-04,3.6659998893737793,3.7809998989105225,3.6470000743865967,3.7809998989105225,30043000,"KLAC | yfinance | raw OHLC, not adjusted"
2010-11-05,3.7809998989105225,3.813999891281128,3.736999988555908,3.756999969482422,21300000,"KLAC | yfinance | raw OHLC, not adjusted"
2010-11-08,3.7320001125335693,3.819000005722046,3.7249999046325684,3.7920000553131104,18439000,"KLAC | yfinance | raw OHLC, not adjusted"
2010-11-09,3.7960000038146973,3.812999963760376,3.7230000495910645,3.742000102996826,21960000,"KLAC | yfinance | raw OHLC, not adjusted"
2010-11-10,3.7290000915527344,3.753999948501587,3.6649999618530273,3.73799991607666,23828000,"KLAC | yfinance | raw OHLC, not adjusted"
2010-11-11,3.61899995803833,3.7070000171661377,3.6050000190734863,3.696000099182129,16525000,"KLAC | yfinance | raw OHLC, not adjusted"
2010-11-12,3.6530001163482666,3.7269999980926514,3.611999988555908,3.6679999828338623,20873000,"KLAC | yfinance | raw OHLC, not adjusted"
2010-11-15,3.686000108718872,3.7200000286102295,3.6630001068115234,3.6659998893737793,18033000,"KLAC | yfinance | raw OHLC, not adjusted"
2010-11-16,3.625,3.683000087738037,3.5739998817443848,3.5920000076293945,33636000,"KLAC | yfinance | raw OHLC, not adjusted"
2010-11-17,3.5880000591278076,3.63100004196167,3.562000036239624,3.5799999237060547,24349000,"KLAC | yfinance | raw OHLC, not adjusted"
2010-11-18,3.625,3.7039999961853027,3.615999937057495,3.6530001163482666,20428000,"KLAC | yfinance | raw OHLC, not adjusted"
2010-11-19,3.6510000228881836,3.697999954223633,3.63700008392334,3.6740000247955322,18901000,"KLAC | yfinance | raw OHLC, not adjusted"
2010-11-22,3.6410000324249268,3.7130000591278076,3.632999897003174,3.7070000171661377,16950000,"KLAC | yfinance | raw OHLC, not adjusted"
2010-11-23,3.6600000858306885,3.677999973297119,3.625,3.6459999084472656,18068000,"KLAC | yfinance | raw OHLC, not adjusted"
2010-11-24,3.690999984741211,3.7639999389648438,3.6710000038146973,3.752000093460083,11222000,"KLAC | yfinance | raw OHLC, not adjusted"
2010-11-26,3.7179999351501465,3.753999948501587,3.7149999141693115,3.7190001010894775,5084000,"KLAC | yfinance | raw OHLC, not adjusted"
2010-11-29,3.697999954223633,3.734999895095825,3.6700000762939453,3.7269999980926514,18418000,"KLAC | yfinance | raw OHLC, not adjusted"
2010-11-30,3.677000045776367,3.690999984741211,3.6500000953674316,3.6670000553131104,22779000,"KLAC | yfinance | raw OHLC, not adjusted"
2010-12-01,3.7290000915527344,3.8540000915527344,3.7269999980926514,3.8399999141693115,22431000,"KLAC | yfinance | raw OHLC, not adjusted"
2010-12-02,3.8580000400543213,3.9609999656677246,3.8489999771118164,3.946000099182129,30319000,"KLAC | yfinance | raw OHLC, not adjusted"
2010-12-03,3.940999984741211,4.020999908447266,3.931999921798706,4.015999794006348,22632000,"KLAC | yfinance | raw OHLC, not adjusted"
2010-12-06,4.0,4.002999782562256,3.953000068664551,3.9809999465942383,12662000,"KLAC | yfinance | raw OHLC, not adjusted"
2010-12-07,4.038000106811523,4.044000148773193,3.9619998931884766,3.9660000801086426,15622000,"KLAC | yfinance | raw OHLC, not adjusted"
2010-12-08,3.9760000705718994,4.004000186920166,3.9590001106262207,4.002999782562256,18643000,"KLAC | yfinance | raw OHLC, not adjusted"
2010-12-09,4.013999938964844,4.0289998054504395,3.9739999771118164,3.9820001125335693,27815000,"KLAC | yfinance | raw OHLC, not adjusted"
2010-12-10,3.994999885559082,3.994999885559082,3.940000057220459,3.947999954223633,23895000,"KLAC | yfinance | raw OHLC, not adjusted"
2010-12-13,3.9749999046325684,3.9800000190734863,3.8910000324249268,3.8970000743865967,23190000,"KLAC | yfinance | raw OHLC, not adjusted"
2010-12-14,3.9059998989105225,3.947999954223633,3.8970000743865967,3.9200000762939453,16800000,"KLAC | yfinance | raw OHLC, not adjusted"
2010-12-15,3.9089999198913574,3.953000068664551,3.878999948501587,3.9230000972747803,29346000,"KLAC | yfinance | raw OHLC, not adjusted"
2010-12-16,3.927000045776367,3.9690001010894775,3.9130001068115234,3.9679999351501465,16825000,"KLAC | yfinance | raw OHLC, not adjusted"
2010-12-17,3.9639999866485596,4.002999782562256,3.9639999866485596,3.9830000400543213,26284000,"KLAC | yfinance | raw OHLC, not adjusted"
2010-12-20,4.0,4.0,3.937999963760376,3.9630000591278076,12609000,"KLAC | yfinance | raw OHLC, not adjusted"
2010-12-21,3.9790000915527344,3.986999988555908,3.9579999446868896,3.9630000591278076,8863000,"KLAC | yfinance | raw OHLC, not adjusted"
2010-12-22,3.9600000381469727,3.9690001010894775,3.933000087738037,3.9679999351501465,9580000,"KLAC | yfinance | raw OHLC, not adjusted"
2010-12-23,3.9549999237060547,3.9709999561309814,3.941999912261963,3.9579999446868896,6341000,"KLAC | yfinance | raw OHLC, not adjusted"
2010-12-27,3.941999912261963,3.996999979019165,3.9079999923706055,3.9730000495910645,6491000,"KLAC | yfinance | raw OHLC, not adjusted"
2010-12-28,3.9719998836517334,3.9839999675750732,3.9149999618530273,3.9630000591278076,7034000,"KLAC | yfinance | raw OHLC, not adjusted"
2010-12-29,3.9739999771118164,3.9769999980926514,3.9179999828338623,3.9489998817443848,7930000,"KLAC | yfinance | raw OHLC, not adjusted"
2010-12-30,3.950000047683716,3.950000047683716,3.9019999504089355,3.9200000762939453,9190000,"KLAC | yfinance | raw OHLC, not adjusted"
2010-12-31,3.9140000343322754,3.9189999103546143,3.8429999351501465,3.864000082015991,15410000,"KLAC | yfinance | raw OHLC, not adjusted"
2011-01-03,3.8580000400543213,3.940000057220459,3.805999994277954,3.875,20175000,"KLAC | yfinance | raw OHLC, not adjusted"
2011-01-04,3.869999885559082,3.9000000953674316,3.8259999752044678,3.8480000495910645,17126000,"KLAC | yfinance | raw OHLC, not adjusted"
2011-01-05,3.813999891281128,3.819999933242798,3.746000051498413,3.7899999618530273,31689000,"KLAC | yfinance | raw OHLC, not adjusted"
2011-01-06,3.7920000553131104,3.8550000190734863,3.7829999923706055,3.819999933242798,17250000,"KLAC | yfinance | raw OHLC, not adjusted"
2011-01-07,3.805000066757202,3.809000015258789,3.690000057220459,3.7690000534057617,19728000,"KLAC | yfinance | raw OHLC, not adjusted"
2011-01-10,3.749000072479248,3.86899995803833,3.7339999675750732,3.865000009536743,23725000,"KLAC | yfinance | raw OHLC, not adjusted"
2011-01-11,3.872999906539917,3.8949999809265137,3.8459999561309814,3.8559999465942383,16947000,"KLAC | yfinance | raw OHLC, not adjusted"
2011-01-12,3.8889999389648438,3.9070000648498535,3.86299991607666,3.8989999294281006,15191000,"KLAC | yfinance | raw OHLC, not adjusted"
2011-01-13,3.9579999446868896,4.01200008392334,3.9260001182556152,3.9749999046325684,35079000,"KLAC | yfinance | raw OHLC, not adjusted"
2011-01-14,4.184000015258789,4.275000095367432,4.127999782562256,4.210999965667725,73520000,"KLAC | yfinance | raw OHLC, not adjusted"
2011-01-18,4.230000019073486,4.295000076293945,4.197999954223633,4.236999988555908,31046000,"KLAC | yfinance | raw OHLC, not adjusted"
2011-01-19,4.234000205993652,4.234000205993652,4.1479997634887695,4.160999774932861,22662000,"KLAC | yfinance | raw OHLC, not adjusted"
2011-01-20,4.165999889373779,4.288000106811523,4.0879998207092285,4.2129998207092285,32226000,"KLAC | yfinance | raw OHLC, not adjusted"
2011-01-21,4.2230000495910645,4.244999885559082,4.171999931335449,4.183000087738037,18613000,"KLAC | yfinance | raw OHLC, not adjusted"
2011-01-24,4.216000080108643,4.3379998207092285,4.197000026702881,4.310999870300293,45270000,"KLAC | yfinance | raw OHLC, not adjusted"
2011-01-25,4.296000003814697,4.375,4.271999835968018,4.367000102996826,44989000,"KLAC | yfinance | raw OHLC, not adjusted"
2011-01-26,4.366000175476074,4.461999893188477,4.324999809265137,4.453000068664551,37997000,"KLAC | yfinance | raw OHLC, not adjusted"
2011-01-27,4.445000171661377,4.5,4.435999870300293,4.4679999351501465,26244000,"KLAC | yfinance | raw OHLC, not adjusted"
2011-01-28,4.526000022888184,4.598999977111816,4.302000045776367,4.36899995803833,41616000,"KLAC | yfinance | raw OHLC, not adjusted"
2011-01-31,4.355000019073486,4.435999870300293,4.301000118255615,4.4079999923706055,28040000,"KLAC | yfinance | raw OHLC, not adjusted"
2011-02-01,4.428999900817871,4.5279998779296875,4.428999900817871,4.508999824523926,29796000,"KLAC | yfinance | raw OHLC, not adjusted"
2011-02-02,4.4730000495910645,4.543000221252441,4.4629998207092285,4.515999794006348,21192000,"KLAC | yfinance | raw OHLC, not adjusted"
2011-02-03,4.498000144958496,4.515999794006348,4.426000118255615,4.488999843597412,12344000,"KLAC | yfinance | raw OHLC, not adjusted"
2011-02-04,4.489999771118164,4.5929999351501465,4.4710001945495605,4.563000202178955,19565000,"KLAC | yfinance | raw OHLC, not adjusted"
2011-02-07,4.565999984741211,4.6479997634887695,4.560999870300293,4.616000175476074,34322000,"KLAC | yfinance | raw OHLC, not adjusted"
2011-02-08,4.610000133514404,4.619999885559082,4.5370001792907715,4.619999885559082,23977000,"KLAC | yfinance | raw OHLC, not adjusted"
2011-02-09,4.605000019073486,4.623000144958496,4.560999870300293,4.618000030517578,21878000,"KLAC | yfinance | raw OHLC, not adjusted"
2011-02-10,4.576000213623047,4.625,4.508999824523926,4.617000102996826,29324000,"KLAC | yfinance | raw OHLC, not adjusted"
2011-02-11,4.60699987411499,4.696000099182129,4.593999862670898,4.692999839782715,26146000,"KLAC | yfinance | raw OHLC, not adjusted"
2011-02-14,4.7129998207092285,4.8429999351501465,4.705999851226807,4.817999839782715,28331000,"KLAC | yfinance | raw OHLC, not adjusted"
2011-02-15,4.800000190734863,4.839000225067139,4.775000095367432,4.823999881744385,24729000,"KLAC | yfinance | raw OHLC, not adjusted"
2011-02-16,4.877999782562256,4.894999980926514,4.833000183105469,4.881999969482422,22665000,"KLAC | yfinance | raw OHLC, not adjusted"
2011-02-17,4.868000030517578,4.980000019073486,4.849999904632568,4.953000068664551,30102000,"KLAC | yfinance | raw OHLC, not adjusted"
2011-02-18,4.9730000495910645,4.998000144958496,4.9039998054504395,4.988999843597412,26503000,"KLAC | yfinance | raw OHLC, not adjusted"
2011-02-22,4.900000095367432,4.909999847412109,4.738999843597412,4.756999969482422,23972000,"KLAC | yfinance | raw OHLC, not adjusted"
2011-02-23,4.736999988555908,4.794000148773193,4.63700008392334,4.710999965667725,21682000,"KLAC | yfinance | raw OHLC, not adjusted"
2011-02-24,4.7179999351501465,4.800000190734863,4.679999828338623,4.7779998779296875,15311000,"KLAC | yfinance | raw OHLC, not adjusted"
2011-02-25,4.804999828338623,4.9039998054504395,4.7779998779296875,4.895999908447266,19917000,"KLAC | yfinance | raw OHLC, not adjusted"
2011-02-28,4.909999847412109,4.947000026702881,4.806000232696533,4.881999969482422,19833000,"KLAC | yfinance | raw OHLC, not adjusted"
2011-03-01,4.900000095367432,4.926000118255615,4.781000137329102,4.795000076293945,26147000,"KLAC | yfinance | raw OHLC, not adjusted"
2011-03-02,4.797999858856201,4.993000030517578,4.791999816894531,4.9679999351501465,30019000,"KLAC | yfinance | raw OHLC, not adjusted"
2011-03-03,5.020999908447266,5.183000087738037,4.995999813079834,5.114999771118164,46052000,"KLAC | yfinance | raw OHLC, not adjusted"
2011-03-04,5.093999862670898,5.135000228881836,5.034999847412109,5.120999813079834,23458000,"KLAC | yfinance | raw OHLC, not adjusted"
2011-03-07,5.125,5.130000114440918,4.836999893188477,4.925000190734863,38211000,"KLAC | yfinance | raw OHLC, not adjusted"
2011-03-08,4.932000160217285,5.033999919891357,4.8520002365112305,4.979000091552734,20435000,"KLAC | yfinance | raw OHLC, not adjusted"
2011-03-09,4.954999923706055,4.960000038146973,4.7270002365112305,4.75,28189000,"KLAC | yfinance | raw OHLC, not adjusted"
2011-03-10,4.668000221252441,4.673999786376953,4.535999774932861,4.577000141143799,41464000,"KLAC | yfinance | raw OHLC, not adjusted"
2011-03-11,4.546000003814697,4.6479997634887695,4.520999908447266,4.61299991607666,17689000,"KLAC | yfinance | raw OHLC, not adjusted"
2011-03-14,4.559999942779541,4.61299991607666,4.519999980926514,4.585000038146973,14655000,"KLAC | yfinance | raw OHLC, not adjusted"
2011-03-15,4.4720001220703125,4.599999904632568,4.4039998054504395,4.558000087738037,31414000,"KLAC | yfinance | raw OHLC, not adjusted"
2011-03-16,4.5289998054504395,4.599999904632568,4.410999774932861,4.439000129699707,26906000,"KLAC | yfinance | raw OHLC, not adjusted"
2011-03-17,4.5289998054504395,4.620999813079834,4.491000175476074,4.514999866485596,25342000,"KLAC | yfinance | raw OHLC, not adjusted"
2011-03-18,4.557000160217285,4.574999809265137,4.452000141143799,4.478000164031982,29645000,"KLAC | yfinance | raw OHLC, not adjusted"
2011-03-21,4.546999931335449,4.638000011444092,4.538000106811523,4.5960001945495605,19036000,"KLAC | yfinance | raw OHLC, not adjusted"
2011-03-22,4.60099983215332,4.60099983215332,4.514999866485596,4.556000232696533,14972000,"KLAC | yfinance | raw OHLC, not adjusted"
2011-03-23,4.534999847412109,4.630000114440918,4.494999885559082,4.611999988555908,20925000,"KLAC | yfinance | raw OHLC, not adjusted"
2011-03-24,4.6579999923706055,4.747000217437744,4.60099983215332,4.718999862670898,22650000,"KLAC | yfinance | raw OHLC, not adjusted"
2011-03-25,4.739999771118164,4.7820000648498535,4.684000015258789,4.685999870300293,20095000,"KLAC | yfinance | raw OHLC, not adjusted"
2011-03-28,4.709000110626221,4.7779998779296875,4.676000118255615,4.730000019073486,14244000,"KLAC | yfinance | raw OHLC, not adjusted"
2011-03-29,4.709000110626221,4.770999908447266,4.664000034332275,4.754000186920166,16043000,"KLAC | yfinance | raw OHLC, not adjusted"
2011-03-30,4.790999889373779,4.809000015258789,4.7129998207092285,4.76200008392334,18406000,"KLAC | yfinance | raw OHLC, not adjusted"
2011-03-31,4.763999938964844,4.781000137329102,4.666999816894531,4.73199987411499,21541000,"KLAC | yfinance | raw OHLC, not adjusted"
2011-04-01,4.73799991607666,4.776000022888184,4.6570000648498535,4.679999828338623,25975000,"KLAC | yfinance | raw OHLC, not adjusted"
2011-04-04,4.711999893188477,4.7179999351501465,4.605000019073486,4.64300012588501,18732000,"KLAC | yfinance | raw OHLC, not adjusted"
2011-04-05,4.666999816894531,4.705999851226807,4.5970001220703125,4.616000175476074,25316000,"KLAC | yfinance | raw OHLC, not adjusted"
2011-04-06,4.63700008392334,4.660999774932861,4.547999858856201,4.617000102996826,21331000,"KLAC | yfinance | raw OHLC, not adjusted"
2011-04-07,4.579999923706055,4.589000225067139,4.366000175476074,4.406000137329102,39525000,"KLAC | yfinance | raw OHLC, not adjusted"
2011-04-08,4.434999942779541,4.447999954223633,4.328000068664551,4.369999885559082,20456000,"KLAC | yfinance | raw OHLC, not adjusted"
2011-04-11,4.373000144958496,4.388000011444092,4.295000076293945,4.3420000076293945,24089000,"KLAC | yfinance | raw OHLC, not adjusted"
2011-04-12,4.320000171661377,4.320000171661377,4.209000110626221,4.236000061035156,22658000,"KLAC | yfinance | raw OHLC, not adjusted"
2011-04-13,4.254000186920166,4.271999835968018,4.190000057220459,4.241000175476074,31783000,"KLAC | yfinance | raw OHLC, not adjusted"
2011-04-14,4.198999881744385,4.265999794006348,4.159999847412109,4.248000144958496,23032000,"KLAC | yfinance | raw OHLC, not adjusted"
2011-04-15,4.255000114440918,4.298999786376953,4.195000171661377,4.28000020980835,21889000,"KLAC | yfinance | raw OHLC, not adjusted"
2011-04-18,4.210999965667725,4.241000175476074,4.138000011444092,4.1579999923706055,27119000,"KLAC | yfinance | raw OHLC, not adjusted"
2011-04-19,4.15500020980835,4.210000038146973,4.145999908447266,4.177999973297119,20022000,"KLAC | yfinance | raw OHLC, not adjusted"
2011-04-20,4.4039998054504395,4.4679999351501465,4.38100004196167,4.4629998207092285,33168000,"KLAC | yfinance | raw OHLC, not adjusted"
2011-04-21,4.421000003814697,4.434000015258789,4.243000030517578,4.260000228881836,38307000,"KLAC | yfinance | raw OHLC, not adjusted"
2011-04-25,4.258999824523926,4.302999973297119,4.2270002365112305,4.265999794006348,18575000,"KLAC | yfinance | raw OHLC, not adjusted"
2011-04-26,4.258999824523926,4.3979997634887695,4.256999969482422,4.394999980926514,23000000,"KLAC | yfinance | raw OHLC, not adjusted"
2011-04-27,4.410999774932861,4.446000099182129,4.370999813079834,4.4070000648498535,16788000,"KLAC | yfinance | raw OHLC, not adjusted"
2011-04-28,4.36899995803833,4.376999855041504,4.234000205993652,4.335999965667725,32000000,"KLAC | yfinance | raw OHLC, not adjusted"
2011-04-29,4.3520002365112305,4.49399995803833,4.329999923706055,4.389999866485596,56250000,"KLAC | yfinance | raw OHLC, not adjusted"
2011-05-02,4.406000137329102,4.431000232696533,4.324999809265137,4.368000030517578,30602000,"KLAC | yfinance | raw OHLC, not adjusted"
2011-05-03,4.373000144958496,4.406000137329102,4.265999794006348,4.304999828338623,23000000,"KLAC | yfinance | raw OHLC, not adjusted"
2011-05-04,4.418000221252441,4.479000091552734,4.254000186920166,4.382999897003174,32723000,"KLAC | yfinance | raw OHLC, not adjusted"
2011-05-05,4.3470001220703125,4.551000118255615,4.306000232696533,4.452000141143799,36000000,"KLAC | yfinance | raw OHLC, not adjusted"
2011-05-06,4.51800012588501,4.618000030517578,4.4720001220703125,4.495999813079834,27844000,"KLAC | yfinance | raw OHLC, not adjusted"
2011-05-09,4.5,4.525000095367432,4.451000213623047,4.500999927520752,15942000,"KLAC | yfinance | raw OHLC, not adjusted"
2011-05-10,4.521999835968018,4.541999816894531,4.4710001945495605,4.500999927520752,15493000,"KLAC | yfinance | raw OHLC, not adjusted"
2011-05-11,4.4629998207092285,4.498000144958496,4.385000228881836,4.429999828338623,23000000,"KLAC | yfinance | raw OHLC, not adjusted"
2011-05-12,4.395999908447266,4.513000011444092,4.35699987411499,4.488999843597412,26274000,"KLAC | yfinance | raw OHLC, not adjusted"
2011-05-13,4.485000133514404,4.50600004196167,4.422999858856201,4.442999839782715,21118000,"KLAC | yfinance | raw OHLC, not adjusted"
2011-05-16,4.432000160217285,4.486999988555908,4.335000038146973,4.3480000495910645,20396000,"KLAC | yfinance | raw OHLC, not adjusted"
2011-05-17,4.333000183105469,4.335000038146973,4.166999816894531,4.258999824523926,29723000,"KLAC | yfinance | raw OHLC, not adjusted"
2011-05-18,4.263000011444092,4.309000015258789,4.242000102996826,4.2829999923706055,22677000,"KLAC | yfinance | raw OHLC, not adjusted"
2011-05-19,4.15500020980835,4.2829999923706055,4.019999980926514,4.120999813079834,43655000,"KLAC | yfinance | raw OHLC, not adjusted"
2011-05-20,4.110000133514404,4.144000053405762,4.057000160217285,4.119999885559082,24922000,"KLAC | yfinance | raw OHLC, not adjusted"
2011-05-23,4.043000221252441,4.0960001945495605,4.013000011444092,4.070000171661377,27086000,"KLAC | yfinance | raw OHLC, not adjusted"
2011-05-24,4.091000080108643,4.105000019073486,4.050000190734863,4.059000015258789,14784000,"KLAC | yfinance | raw OHLC, not adjusted"
2011-05-25,4.052999973297119,4.135000228881836,4.014999866485596,4.107999801635742,23714000,"KLAC | yfinance | raw OHLC, not adjusted"
2011-05-26,4.0920000076293945,4.151000022888184,4.065999984741211,4.133999824523926,19308000,"KLAC | yfinance | raw OHLC, not adjusted"
2011-05-27,4.127999782562256,4.195000171661377,4.125,4.1620001792907715,13714000,"KLAC | yfinance | raw OHLC, not adjusted"
2011-05-31,4.203999996185303,4.314000129699707,4.203000068664551,4.309999942779541,26556000,"KLAC | yfinance | raw OHLC, not adjusted"
2011-06-01,4.284999847412109,4.3429999351501465,4.123000144958496,4.136000156402588,38992000,"KLAC | yfinance | raw OHLC, not adjusted"
2011-06-02,4.1579999923706055,4.23199987411499,4.1479997634887695,4.171999931335449,15425000,"KLAC | yfinance | raw OHLC, not adjusted"
2011-06-03,4.116000175476074,4.144000053405762,4.066999912261963,4.072000026702881,20009000,"KLAC | yfinance | raw OHLC, not adjusted"
2011-06-06,4.070000171661377,4.0970001220703125,4.046999931335449,4.056000232696533,13843000,"KLAC | yfinance | raw OHLC, not adjusted"
2011-06-07,4.068999767303467,4.158999919891357,4.068999767303467,4.111999988555908,19747000,"KLAC | yfinance | raw OHLC, not adjusted"
2011-06-08,4.09499979019165,4.104000091552734,4.020999908447266,4.034999847412109,16222000,"KLAC | yfinance | raw OHLC, not adjusted"
2011-06-09,4.052000045776367,4.122000217437744,4.019000053405762,4.086999893188477,18533000,"KLAC | yfinance | raw OHLC, not adjusted"
2011-06-10,4.064000129699707,4.067999839782715,3.9560000896453857,3.994999885559082,22307000,"KLAC | yfinance | raw OHLC, not adjusted"
2011-06-13,4.02400016784668,4.035999774932861,3.9560000896453857,3.9660000801086426,14582000,"KLAC | yfinance | raw OHLC, not adjusted"
2011-06-14,4.013000011444092,4.077000141143799,4.001999855041504,4.061999797821045,20274000,"KLAC | yfinance | raw OHLC, not adjusted"
2011-06-15,4.006999969482422,4.02400016784668,3.944000005722046,3.9549999237060547,21825000,"KLAC | yfinance | raw OHLC, not adjusted"
2011-06-16,3.9700000286102295,3.9739999771118164,3.819000005722046,3.8389999866485596,30611000,"KLAC | yfinance | raw OHLC, not adjusted"
2011-06-17,3.8929998874664307,3.8970000743865967,3.7960000038146973,3.809999942779541,30979000,"KLAC | yfinance | raw OHLC, not adjusted"
2011-06-20,3.7869999408721924,3.8410000801086426,3.7850000858306885,3.818000078201294,18436000,"KLAC | yfinance | raw OHLC, not adjusted"
2011-06-21,3.8289999961853027,3.9189999103546143,3.7860000133514404,3.8970000743865967,21612000,"KLAC | yfinance | raw OHLC, not adjusted"
2011-06-22,3.885999917984009,3.931999921798706,3.86899995803833,3.884999990463257,13719000,"KLAC | yfinance | raw OHLC, not adjusted"
2011-06-23,3.8289999961853027,3.9519999027252197,3.802999973297119,3.946000099182129,24352000,"KLAC | yfinance | raw OHLC, not adjusted"
2011-06-24,3.9489998817443848,3.993000030517578,3.864000082015991,3.9030001163482666,46694000,"KLAC | yfinance | raw OHLC, not adjusted"
2011-06-27,3.8929998874664307,4.002999782562256,3.859999895095825,3.9800000190734863,18477000,"KLAC | yfinance | raw OHLC, not adjusted"
2011-06-28,3.986999988555908,4.014999866485596,3.950000047683716,4.013999938964844,12570000,"KLAC | yfinance | raw OHLC, not adjusted"
2011-06-29,4.021999835968018,4.052999973297119,3.9660000801086426,3.9739999771118164,16349000,"KLAC | yfinance | raw OHLC, not adjusted"
2011-06-30,3.992000102996826,4.072000026702881,3.9769999980926514,4.047999858856201,17294000,"KLAC | yfinance | raw OHLC, not adjusted"
2011-07-01,4.052999973297119,4.163000106811523,4.020999908447266,4.144999980926514,17393000,"KLAC | yfinance | raw OHLC, not adjusted"
2011-07-05,4.124000072479248,4.136000156402588,4.039999961853027,4.060999870300293,24939000,"KLAC | yfinance | raw OHLC, not adjusted"
2011-07-06,4.034999847412109,4.034999847412109,3.9489998817443848,3.9739999771118164,23839000,"KLAC | yfinance | raw OHLC, not adjusted"
2011-07-07,4.034999847412109,4.295000076293945,4.034999847412109,4.252999782562256,58373000,"KLAC | yfinance | raw OHLC, not adjusted"
2011-07-08,4.201000213623047,4.243000030517578,4.1620001792907715,4.224999904632568,31070000,"KLAC | yfinance | raw OHLC, not adjusted"
2011-07-11,4.249000072479248,4.38100004196167,4.203000068664551,4.229000091552734,51931000,"KLAC | yfinance | raw OHLC, not adjusted"
2011-07-12,4.138000011444092,4.2729997634887695,4.059999942779541,4.13100004196167,79905000,"KLAC | yfinance | raw OHLC, not adjusted"
2011-07-13,4.1539998054504395,4.230999946594238,4.111000061035156,4.163000106811523,36007000,"KLAC | yfinance | raw OHLC, not adjusted"
2011-07-14,4.179999828338623,4.244999885559082,4.059000015258789,4.074999809265137,31485000,"KLAC | yfinance | raw OHLC, not adjusted"
2011-07-15,4.133999824523926,4.135000228881836,4.0289998054504395,4.09499979019165,24531000,"KLAC | yfinance | raw OHLC, not adjusted"
2011-07-18,4.064000129699707,4.086999893188477,3.992000102996826,4.052999973297119,21741000,"KLAC | yfinance | raw OHLC, not adjusted"
2011-07-19,4.089000225067139,4.247000217437744,4.089000225067139,4.24399995803833,29987000,"KLAC | yfinance | raw OHLC, not adjusted"
2011-07-20,4.229000091552734,4.285999774932861,4.228000164031982,4.239999771118164,29779000,"KLAC | yfinance | raw OHLC, not adjusted"
2011-07-21,4.239999771118164,4.322000026702881,4.188000202178955,4.298999786376953,24554000,"KLAC | yfinance | raw OHLC, not adjusted"
2011-07-22,4.296999931335449,4.440999984741211,4.294000148773193,4.410999774932861,21222000,"KLAC | yfinance | raw OHLC, not adjusted"
2011-07-25,4.34499979019165,4.421000003814697,4.333000183105469,4.4039998054504395,23963000,"KLAC | yfinance | raw OHLC, not adjusted"
2011-07-26,4.406000137329102,4.460000038146973,4.367000102996826,4.370999813079834,21179000,"KLAC | yfinance | raw OHLC, not adjusted"
2011-07-27,4.329999923706055,4.3420000076293945,4.1620001792907715,4.177000045776367,30830000,"KLAC | yfinance | raw OHLC, not adjusted"
2011-07-28,4.160999774932861,4.295000076293945,4.090000152587891,4.171000003814697,34183000,"KLAC | yfinance | raw OHLC, not adjusted"
2011-07-29,4.0229997634887695,4.171000003814697,3.944999933242798,3.9820001125335693,45331000,"KLAC | yfinance | raw OHLC, not adjusted"
2011-08-01,3.9839999675750732,4.033999919891357,3.9210000038146973,3.992000102996826,35097000,"KLAC | yfinance | raw OHLC, not adjusted"
2011-08-02,3.937000036239624,3.9670000076293945,3.822000026702881,3.8359999656677246,44099000,"KLAC | yfinance | raw OHLC, not adjusted"
2011-08-03,3.8550000190734863,3.9140000343322754,3.7639999389648438,3.9079999923706055,42151000,"KLAC | yfinance | raw OHLC, not adjusted"
2011-08-04,3.8420000076293945,3.8529999256134033,3.6619999408721924,3.6659998893737793,45020000,"KLAC | yfinance | raw OHLC, not adjusted"
2011-08-05,3.743000030517578,3.811000108718872,3.5179998874664307,3.619999885559082,54926000,"KLAC | yfinance | raw OHLC, not adjusted"
2011-08-08,3.559000015258789,3.6089999675750732,3.3949999809265137,3.4230000972747803,69504000,"KLAC | yfinance | raw OHLC, not adjusted"
2011-08-09,3.4860000610351562,3.625,3.434999942779541,3.61899995803833,87257000,"KLAC | yfinance | raw OHLC, not adjusted"
2011-08-10,3.5829999446868896,3.632999897003174,3.4739999771118164,3.5360000133514404,63256000,"KLAC | yfinance | raw OHLC, not adjusted"
2011-08-11,3.5230000019073486,3.6589999198913574,3.492000102996826,3.6070001125335693,62818000,"KLAC | yfinance | raw OHLC, not adjusted"
2011-08-12,3.624000072479248,3.6530001163482666,3.5269999504089355,3.5929999351501465,41811000,"KLAC | yfinance | raw OHLC, not adjusted"
2011-08-15,3.6110000610351562,3.7049999237060547,3.5899999141693115,3.697000026702881,21861000,"KLAC | yfinance | raw OHLC, not adjusted"
2011-08-16,3.6670000553131104,3.688999891281128,3.569999933242798,3.628999948501587,30490000,"KLAC | yfinance | raw OHLC, not adjusted"
2011-08-17,3.634000062942505,3.7100000381469727,3.5859999656677246,3.61899995803833,25562000,"KLAC | yfinance | raw OHLC, not adjusted"
2011-08-18,3.513000011444092,3.5269999504089355,3.3989999294281006,3.4210000038146973,28857000,"KLAC | yfinance | raw OHLC, not adjusted"
2011-08-19,3.3989999294281006,3.5,3.359999895095825,3.367000102996826,22404000,"KLAC | yfinance | raw OHLC, not adjusted"
2011-08-22,3.430999994277954,3.4549999237060547,3.3580000400543213,3.381999969482422,25808000,"KLAC | yfinance | raw OHLC, not adjusted"
2011-08-23,3.4079999923706055,3.5490000247955322,3.378999948501587,3.5490000247955322,22248000,"KLAC | yfinance | raw OHLC, not adjusted"
2011-08-24,3.5350000858306885,3.578000068664551,3.4679999351501465,3.5480000972747803,18573000,"KLAC | yfinance | raw OHLC, not adjusted"
2011-08-25,3.5280001163482666,3.568000078201294,3.424999952316284,3.447999954223633,29789000,"KLAC | yfinance | raw OHLC, not adjusted"
2011-08-26,3.4570000171661377,3.549999952316284,3.3959999084472656,3.546999931335449,24925000,"KLAC | yfinance | raw OHLC, not adjusted"
2011-08-29,3.5899999141693115,3.688999891281128,3.5810000896453857,3.687999963760376,16407000,"KLAC | yfinance | raw OHLC, not adjusted"
2011-08-30,3.6619999408721924,3.690000057220459,3.5999999046325684,3.6640000343322754,20774000,"KLAC | yfinance | raw OHLC, not adjusted"
2011-08-31,3.693000078201294,3.7720000743865967,3.634999990463257,3.6679999828338623,35603000,"KLAC | yfinance | raw OHLC, not adjusted"
2011-09-01,3.684000015258789,3.690999984741211,3.6029999256134033,3.6070001125335693,28194000,"KLAC | yfinance | raw OHLC, not adjusted"
2011-09-02,3.5460000038146973,3.5769999027252197,3.4730000495910645,3.4820001125335693,23863000,"KLAC | yfinance | raw OHLC, not adjusted"
2011-09-06,3.3320000171661377,3.431999921798706,3.319999933242798,3.424999952316284,29155000,"KLAC | yfinance | raw OHLC, not adjusted"
2011-09-07,3.4730000495910645,3.6010000705718994,3.436000108718872,3.578000068664551,23685000,"KLAC | yfinance | raw OHLC, not adjusted"
2011-09-08,3.566999912261963,3.6470000743865967,3.496000051498413,3.5369999408721924,28558000,"KLAC | yfinance | raw OHLC, not adjusted"
2011-09-09,3.5190000534057617,3.634000062942505,3.4860000610351562,3.5460000038146973,34548000,"KLAC | yfinance | raw OHLC, not adjusted"
2011-09-12,3.497999906539917,3.6410000324249268,3.497999906539917,3.6410000324249268,35610000,"KLAC | yfinance | raw OHLC, not adjusted"
2011-09-13,3.6500000953674316,3.7820000648498535,3.6410000324249268,3.7709999084472656,38671000,"KLAC | yfinance | raw OHLC, not adjusted"
2011-09-14,3.799999952316284,3.9070000648498535,3.746000051498413,3.871000051498413,47152000,"KLAC | yfinance | raw OHLC, not adjusted"
2011-09-15,3.8980000019073486,3.937000036239624,3.8580000400543213,3.9130001068115234,30314000,"KLAC | yfinance | raw OHLC, not adjusted"
2011-09-16,3.933000087738037,3.9760000705718994,3.8910000324249268,3.934999942779541,30173000,"KLAC | yfinance | raw OHLC, not adjusted"
2011-09-19,3.865999937057495,3.9010000228881836,3.7860000133514404,3.877000093460083,41722000,"KLAC | yfinance | raw OHLC, not adjusted"
2011-09-20,3.8940000534057617,3.9210000038146973,3.8239998817443848,3.8329999446868896,26585000,"KLAC | yfinance | raw OHLC, not adjusted"
2011-09-21,3.8529999256134033,3.944000005722046,3.7990000247955322,3.815999984741211,42001000,"KLAC | yfinance | raw OHLC, not adjusted"
2011-09-22,3.7190001010894775,3.74399995803833,3.628000020980835,3.7079999446868896,41146000,"KLAC | yfinance | raw OHLC, not adjusted"
2011-09-23,3.6989998817443848,3.809999942779541,3.6530001163482666,3.7730000019073486,35945000,"KLAC | yfinance | raw OHLC, not adjusted"
2011-09-26,3.819999933242798,3.9790000915527344,3.7669999599456787,3.9690001010894775,90212000,"KLAC | yfinance | raw OHLC, not adjusted"
2011-09-27,4.021999835968018,4.0970001220703125,3.9800000190734863,4.004000186920166,53990000,"KLAC | yfinance | raw OHLC, not adjusted"
2011-09-28,3.990999937057495,4.043000221252441,3.874000072479248,3.885999917984009,42911000,"KLAC | yfinance | raw OHLC, not adjusted"
2011-09-29,3.9639999866485596,3.986999988555908,3.8259999752044678,3.9030001163482666,37753000,"KLAC | yfinance | raw OHLC, not adjusted"
2011-09-30,3.878000020980835,3.9179999828338623,3.815000057220459,3.828000068664551,31788000,"KLAC | yfinance | raw OHLC, not adjusted"
2011-10-03,3.805999994277954,3.865000009536743,3.694999933242798,3.7230000495910645,38343000,"KLAC | yfinance | raw OHLC, not adjusted"
2011-10-04,3.6710000038146973,3.877000093460083,3.6619999408721924,3.877000093460083,44980000,"KLAC | yfinance | raw OHLC, not adjusted"
2011-10-05,3.875999927520752,4.02400016784668,3.805000066757202,4.014999866485596,35391000,"KLAC | yfinance | raw OHLC, not adjusted"
2011-10-06,4.004000186920166,4.035999774932861,3.940999984741211,4.007999897003174,55927000,"KLAC | yfinance | raw OHLC, not adjusted"
2011-10-07,4.019000053405762,4.216000080108643,4.002999782562256,4.1539998054504395,55023000,"KLAC | yfinance | raw OHLC, not adjusted"
2011-10-10,4.22599983215332,4.320000171661377,4.185999870300293,4.290999889373779,44880000,"KLAC | yfinance | raw OHLC, not adjusted"
2011-10-11,4.25600004196167,4.316999912261963,4.23799991607666,4.290999889373779,28017000,"KLAC | yfinance | raw OHLC, not adjusted"
2011-10-12,4.317999839782715,4.459000110626221,4.316999912261963,4.382999897003174,50263000,"KLAC | yfinance | raw OHLC, not adjusted"
2011-10-13,4.3420000076293945,4.4079999923706055,4.3420000076293945,4.375999927520752,37777000,"KLAC | yfinance | raw OHLC, not adjusted"
2011-10-14,4.426000118255615,4.426000118255615,4.307000160217285,4.385000228881836,29526000,"KLAC | yfinance | raw OHLC, not adjusted"
2011-10-17,4.369999885559082,4.39900016784668,4.2829999923706055,4.322999954223633,33484000,"KLAC | yfinance | raw OHLC, not adjusted"
2011-10-18,4.317999839782715,4.394000053405762,4.267000198364258,4.375,29888000,"KLAC | yfinance | raw OHLC, not adjusted"
2011-10-19,4.364999771118164,4.433000087738037,4.304999828338623,4.322000026702881,27868000,"KLAC | yfinance | raw OHLC, not adjusted"
2011-10-20,4.270999908447266,4.2820000648498535,4.1570000648498535,4.254000186920166,50717000,"KLAC | yfinance | raw OHLC, not adjusted"
2011-10-21,4.316999912261963,4.389999866485596,4.2789998054504395,4.329999923706055,24693000,"KLAC | yfinance | raw OHLC, not adjusted"
2011-10-24,4.377999782562256,4.5,4.368000030517578,4.48199987411499,32036000,"KLAC | yfinance | raw OHLC, not adjusted"
2011-10-25,4.499000072479248,4.570000171661377,4.427999973297119,4.48199987411499,30186000,"KLAC | yfinance | raw OHLC, not adjusted"
2011-10-26,4.583000183105469,4.583000183105469,4.440999984741211,4.520999908447266,33519000,"KLAC | yfinance | raw OHLC, not adjusted"
2011-10-27,4.6519999504089355,4.800000190734863,4.6519999504089355,4.730999946594238,44683000,"KLAC | yfinance | raw OHLC, not adjusted"
2011-10-28,4.593999862670898,4.756999969482422,4.578000068664551,4.735000133514404,31638000,"KLAC | yfinance | raw OHLC, not adjusted"
2011-10-31,4.677999973297119,4.767000198364258,4.672999858856201,4.709000110626221,34330000,"KLAC | yfinance | raw OHLC, not adjusted"
2011-11-01,4.548999786376953,4.61899995803833,4.515999794006348,4.519999980926514,35060000,"KLAC | yfinance | raw OHLC, not adjusted"
2011-11-02,4.572000026702881,4.604000091552734,4.525000095367432,4.572000026702881,25913000,"KLAC | yfinance | raw OHLC, not adjusted"
2011-11-03,4.624000072479248,4.73199987411499,4.50600004196167,4.72599983215332,30391000,"KLAC | yfinance | raw OHLC, not adjusted"
2011-11-04,4.686999797821045,4.76200008392334,4.622000217437744,4.748000144958496,25100000,"KLAC | yfinance | raw OHLC, not adjusted"
2011-11-07,4.767000198364258,4.767000198364258,4.636000156402588,4.729000091552734,27635000,"KLAC | yfinance | raw OHLC, not adjusted"
2011-11-08,4.7769999504089355,4.800000190734863,4.677999973297119,4.781000137329102,25225000,"KLAC | yfinance | raw OHLC, not adjusted"
2011-11-09,4.625999927520752,4.63700008392334,4.538000106811523,4.548999786376953,37232000,"KLAC | yfinance | raw OHLC, not adjusted"
2011-11-10,4.61899995803833,4.673999786376953,4.5370001792907715,4.635000228881836,26856000,"KLAC | yfinance | raw OHLC, not adjusted"
2011-11-11,4.697000026702881,4.861999988555908,4.672999858856201,4.84499979019165,29345000,"KLAC | yfinance | raw OHLC, not adjusted"
2011-11-14,4.814000129699707,4.875,4.73799991607666,4.78000020980835,25107000,"KLAC | yfinance | raw OHLC, not adjusted"
2011-11-15,4.769999980926514,4.875,4.747000217437744,4.8420000076293945,22348000,"KLAC | yfinance | raw OHLC, not adjusted"
2011-11-16,4.783999919891357,4.866000175476074,4.74399995803833,4.754000186920166,22306000,"KLAC | yfinance | raw OHLC, not adjusted"
2011-11-17,4.736999988555908,4.736999988555908,4.485000133514404,4.548999786376953,50614000,"KLAC | yfinance | raw OHLC, not adjusted"
2011-11-18,4.572000026702881,4.5929999351501465,4.421999931335449,4.439000129699707,40909000,"KLAC | yfinance | raw OHLC, not adjusted"
2011-11-21,4.39900016784668,4.447000026702881,4.334000110626221,4.426000118255615,37016000,"KLAC | yfinance | raw OHLC, not adjusted"
2011-11-22,4.418000221252441,4.447999954223633,4.321000099182129,4.330999851226807,25013000,"KLAC | yfinance | raw OHLC, not adjusted"
2011-11-23,4.298999786376953,4.316999912261963,4.230000019073486,4.250999927520752,23704000,"KLAC | yfinance | raw OHLC, not adjusted"
2011-11-25,4.255000114440918,4.322000026702881,4.208000183105469,4.208000183105469,10205000,"KLAC | yfinance | raw OHLC, not adjusted"
2011-11-28,4.336999893188477,4.375999927520752,4.313000202178955,4.3520002365112305,22545000,"KLAC | yfinance | raw OHLC, not adjusted"
2011-11-29,4.34499979019165,4.363999843597412,4.2769999504089355,4.329999923706055,33244000,"KLAC | yfinance | raw OHLC, not adjusted"
2011-11-30,4.480999946594238,4.625,4.418000221252441,4.610000133514404,37379000,"KLAC | yfinance | raw OHLC, not adjusted"
2011-12-01,4.609000205993652,4.735000133514404,4.560999870300293,4.7230000495910645,30006000,"KLAC | yfinance | raw OHLC, not adjusted"
2011-12-02,4.767000198364258,4.807000160217285,4.691999912261963,4.695000171661377,31706000,"KLAC | yfinance | raw OHLC, not adjusted"
2011-12-05,4.796000003814697,4.870999813079834,4.729000091552734,4.86899995803833,39265000,"KLAC | yfinance | raw OHLC, not adjusted"
2011-12-06,4.8470001220703125,4.939000129699707,4.8460001945495605,4.914999961853027,35042000,"KLAC | yfinance | raw OHLC, not adjusted"
2011-12-07,4.914000034332275,4.922999858856201,4.822000026702881,4.90500020980835,31112000,"KLAC | yfinance | raw OHLC, not adjusted"
2011-12-08,4.866000175476074,4.931000232696533,4.795000076293945,4.804999828338623,28458000,"KLAC | yfinance | raw OHLC, not adjusted"
2011-12-09,4.7829999923706055,4.926000118255615,4.734000205993652,4.900000095367432,24182000,"KLAC | yfinance | raw OHLC, not adjusted"
2011-12-12,4.822999954223633,4.848999977111816,4.696000099182129,4.758999824523926,30518000,"KLAC | yfinance | raw OHLC, not adjusted"
2011-12-13,4.791999816894531,4.823999881744385,4.656000137329102,4.683000087738037,25509000,"KLAC | yfinance | raw OHLC, not adjusted"
2011-12-14,4.675000190734863,4.698999881744385,4.5879998207092285,4.622000217437744,26675000,"KLAC | yfinance | raw OHLC, not adjusted"
2011-12-15,4.7829999923706055,4.7829999923706055,4.578000068664551,4.5960001945495605,32744000,"KLAC | yfinance | raw OHLC, not adjusted"
2011-12-16,4.635000228881836,4.671000003814697,4.566999912261963,4.604000091552734,41768000,"KLAC | yfinance | raw OHLC, not adjusted"
2011-12-19,4.605000019073486,4.656000137329102,4.50600004196167,4.519000053405762,33338000,"KLAC | yfinance | raw OHLC, not adjusted"
2011-12-20,4.611999988555908,4.789999961853027,4.611999988555908,4.781000137329102,38475000,"KLAC | yfinance | raw OHLC, not adjusted"
2011-12-21,4.757999897003174,4.781000137329102,4.623000144958496,4.690999984741211,27313000,"KLAC | yfinance | raw OHLC, not adjusted"
2011-12-22,4.703999996185303,4.828000068664551,4.682000160217285,4.814000129699707,21350000,"KLAC | yfinance | raw OHLC, not adjusted"
2011-12-23,4.828999996185303,4.863999843597412,4.767000198364258,4.85099983215332,8202000,"KLAC | yfinance | raw OHLC, not adjusted"
2011-12-27,4.839000225067139,4.925000190734863,4.835999965667725,4.883999824523926,12795000,"KLAC | yfinance | raw OHLC, not adjusted"
2011-12-28,4.88700008392334,4.914999961853027,4.829999923706055,4.836999893188477,13252000,"KLAC | yfinance | raw OHLC, not adjusted"
2011-12-29,4.849999904632568,4.885000228881836,4.828000068664551,4.877999782562256,10435000,"KLAC | yfinance | raw OHLC, not adjusted"
2011-12-30,4.872000217437744,4.9079999923706055,4.822999954223633,4.824999809265137,10466000,"KLAC | yfinance | raw OHLC, not adjusted"
2012-01-03,4.872000217437744,4.928999900817871,4.738999843597412,4.745999813079834,33108000,"KLAC | yfinance | raw OHLC, not adjusted"
2012-01-04,4.73799991607666,4.763999938964844,4.688000202178955,4.690999984741211,30490000,"KLAC | yfinance | raw OHLC, not adjusted"
2012-01-05,4.684999942779541,4.756999969482422,4.675000190734863,4.751999855041504,30344000,"KLAC | yfinance | raw OHLC, not adjusted"
2012-01-06,4.749000072479248,4.820000171661377,4.7170000076293945,4.7729997634887695,27656000,"KLAC | yfinance | raw OHLC, not adjusted"
2012-01-09,4.797999858856201,4.868000030517578,4.781000137329102,4.817999839782715,29768000,"KLAC | yfinance | raw OHLC, not adjusted"
2012-01-10,4.873000144958496,4.927000045776367,4.8429999351501465,4.85699987411499,23316000,"KLAC | yfinance | raw OHLC, not adjusted"
2012-01-11,4.848999977111816,4.974999904632568,4.843999862670898,4.932000160217285,27181000,"KLAC | yfinance | raw OHLC, not adjusted"
2012-01-12,4.939000129699707,4.953000068664551,4.873000144958496,4.880000114440918,29373000,"KLAC | yfinance | raw OHLC, not adjusted"
2012-01-13,4.855000019073486,4.877999782562256,4.769000053405762,4.789999961853027,23099000,"KLAC | yfinance | raw OHLC, not adjusted"
2012-01-17,4.848999977111816,4.900000095367432,4.8420000076293945,4.853000164031982,26980000,"KLAC | yfinance | raw OHLC, not adjusted"
2012-01-18,4.892000198364258,5.0279998779296875,4.869999885559082,5.001999855041504,49248000,"KLAC | yfinance | raw OHLC, not adjusted"
2012-01-19,5.001999855041504,5.144999980926514,5.001999855041504,5.103000164031982,43315000,"KLAC | yfinance | raw OHLC, not adjusted"
2012-01-20,5.178999900817871,5.199999809265137,5.081999778747559,5.150000095367432,46280000,"KLAC | yfinance | raw OHLC, not adjusted"
2012-01-23,5.13100004196167,5.150000095367432,5.054999828338623,5.057000160217285,29174000,"KLAC | yfinance | raw OHLC, not adjusted"
2012-01-24,5.077000141143799,5.132999897003174,5.031000137329102,5.125999927520752,32036000,"KLAC | yfinance | raw OHLC, not adjusted"
2012-01-25,5.0980000495910645,5.150000095367432,5.052999973297119,5.124000072479248,26837000,"KLAC | yfinance | raw OHLC, not adjusted"
2012-01-26,5.125999927520752,5.210999965667725,5.002999782562256,5.026000022888184,38783000,"KLAC | yfinance | raw OHLC, not adjusted"
2012-01-27,5.144999980926514,5.304999828338623,5.091000080108643,5.232999801635742,68418000,"KLAC | yfinance | raw OHLC, not adjusted"
2012-01-30,5.151000022888184,5.195000171661377,5.0879998207092285,5.10699987411499,42631000,"KLAC | yfinance | raw OHLC, not adjusted"
2012-01-31,5.175000190734863,5.177999973297119,5.050000190734863,5.111000061035156,39917000,"KLAC | yfinance | raw OHLC, not adjusted"
2012-02-01,5.181000232696533,5.215000152587891,5.120999813079834,5.170000076293945,25481000,"KLAC | yfinance | raw OHLC, not adjusted"
2012-02-02,5.181000232696533,5.198999881744385,5.146999835968018,5.1529998779296875,18699000,"KLAC | yfinance | raw OHLC, not adjusted"
2012-02-03,5.211999893188477,5.229000091552734,5.171999931335449,5.197999954223633,26955000,"KLAC | yfinance | raw OHLC, not adjusted"
2012-02-06,5.164999961853027,5.169000148773193,5.078000068664551,5.083000183105469,26230000,"KLAC | yfinance | raw OHLC, not adjusted"
2012-02-07,5.065999984741211,5.11899995803833,5.039000034332275,5.110000133514404,28875000,"KLAC | yfinance | raw OHLC, not adjusted"
2012-02-08,5.0960001945495605,5.171999931335449,5.093999862670898,5.131999969482422,19794000,"KLAC | yfinance | raw OHLC, not adjusted"
2012-02-09,5.150000095367432,5.150000095367432,5.054999828338623,5.077000141143799,19433000,"KLAC | yfinance | raw OHLC, not adjusted"
2012-02-10,5.013000011444092,5.034999847412109,4.921000003814697,4.940999984741211,29107000,"KLAC | yfinance | raw OHLC, not adjusted"
2012-02-13,4.97599983215332,5.010000228881836,4.843999862670898,4.9120001792907715,32657000,"KLAC | yfinance | raw OHLC, not adjusted"
2012-02-14,4.908999919891357,4.9629998207092285,4.890999794006348,4.960000038146973,20357000,"KLAC | yfinance | raw OHLC, not adjusted"
2012-02-15,4.98199987411499,5.038000106811523,4.926000118255615,4.933000087738037,23717000,"KLAC | yfinance | raw OHLC, not adjusted"
2012-02-16,4.914000034332275,5.084000110626221,4.9029998779296875,5.067999839782715,26912000,"KLAC | yfinance | raw OHLC, not adjusted"
2012-02-17,5.099999904632568,5.11299991607666,4.991000175476074,5.017000198364258,22739000,"KLAC | yfinance | raw OHLC, not adjusted"
2012-02-21,4.895999908447266,4.927999973297119,4.802999973297119,4.821000099182129,38320000,"KLAC | yfinance | raw OHLC, not adjusted"
2012-02-22,4.811999797821045,4.848999977111816,4.797999858856201,4.829999923706055,29455000,"KLAC | yfinance | raw OHLC, not adjusted"
2012-02-23,4.843999862670898,4.875,4.796000003814697,4.855000019073486,21774000,"KLAC | yfinance | raw OHLC, not adjusted"
2012-02-24,4.86299991607666,4.8979997634887695,4.763999938964844,4.775000095367432,24691000,"KLAC | yfinance | raw OHLC, not adjusted"
2012-02-27,4.767000198364258,4.875,4.729000091552734,4.824999809265137,21290000,"KLAC | yfinance | raw OHLC, not adjusted"
2012-02-28,4.834000110626221,4.929999828338623,4.814000129699707,4.906000137329102,19832000,"KLAC | yfinance | raw OHLC, not adjusted"
2012-02-29,4.908999919891357,4.929999828338623,4.822999954223633,4.839000225067139,27486000,"KLAC | yfinance | raw OHLC, not adjusted"
2012-03-01,4.853000164031982,4.88700008392334,4.789000034332275,4.808000087738037,23434000,"KLAC | yfinance | raw OHLC, not adjusted"
2012-03-02,4.795000076293945,4.827000141143799,4.763999938964844,4.775000095367432,19259000,"KLAC | yfinance | raw OHLC, not adjusted"
2012-03-05,4.763000011444092,4.769999980926514,4.6579999923706055,4.699999809265137,29498000,"KLAC | yfinance | raw OHLC, not adjusted"
2012-03-06,4.678999900817871,4.748000144958496,4.665999889373779,4.732999801635742,36345000,"KLAC | yfinance | raw OHLC, not adjusted"
2012-03-07,4.752999782562256,4.781000137329102,4.718999862670898,4.763000011444092,24309000,"KLAC | yfinance | raw OHLC, not adjusted"
2012-03-08,4.789999961853027,4.802999973297119,4.752999782562256,4.795000076293945,28319000,"KLAC | yfinance | raw OHLC, not adjusted"
2012-03-09,4.810999870300293,4.954999923706055,4.809999942779541,4.946000099182129,38076000,"KLAC | yfinance | raw OHLC, not adjusted"
2012-03-12,4.928999900817871,4.995999813079834,4.894000053405762,4.98199987411499,28961000,"KLAC | yfinance | raw OHLC, not adjusted"
2012-03-13,5.0,5.064000129699707,4.9720001220703125,5.058000087738037,34885000,"KLAC | yfinance | raw OHLC, not adjusted"
2012-03-14,5.052000045776367,5.14300012588501,5.050000190734863,5.065000057220459,24330000,"KLAC | yfinance | raw OHLC, not adjusted"
2012-03-15,5.079999923706055,5.208000183105469,5.078000068664551,5.188000202178955,34395000,"KLAC | yfinance | raw OHLC, not adjusted"
2012-03-16,5.178999900817871,5.204999923706055,5.122000217437744,5.198999881744385,22531000,"KLAC | yfinance | raw OHLC, not adjusted"
2012-03-19,5.192999839782715,5.25600004196167,5.173999786376953,5.236000061035156,21162000,"KLAC | yfinance | raw OHLC, not adjusted"
2012-03-20,5.203999996185303,5.281000137329102,5.184000015258789,5.269000053405762,27805000,"KLAC | yfinance | raw OHLC, not adjusted"
2012-03-21,5.2820000648498535,5.293000221252441,5.236000061035156,5.26800012588501,26521000,"KLAC | yfinance | raw OHLC, not adjusted"
2012-03-22,5.23799991607666,5.27400016784668,5.205999851226807,5.228000164031982,26309000,"KLAC | yfinance | raw OHLC, not adjusted"
2012-03-23,5.241000175476074,5.291999816894531,5.203000068664551,5.288000106811523,17385000,"KLAC | yfinance | raw OHLC, not adjusted"
2012-03-26,5.300000190734863,5.410999774932861,5.298999786376953,5.4079999923706055,24310000,"KLAC | yfinance | raw OHLC, not adjusted"
2012-03-27,5.413000106811523,5.502999782562256,5.383999824523926,5.443999767303467,33829000,"KLAC | yfinance | raw OHLC, not adjusted"
2012-03-28,5.494999885559082,5.514999866485596,5.355000019073486,5.40500020980835,22883000,"KLAC | yfinance | raw OHLC, not adjusted"
2012-03-29,5.36299991607666,5.419000148773193,5.326000213623047,5.409999847412109,20504000,"KLAC | yfinance | raw OHLC, not adjusted"
2012-03-30,5.434999942779541,5.48199987411499,5.390999794006348,5.441999912261963,15184000,"KLAC | yfinance | raw OHLC, not adjusted"
2012-04-02,5.421000003814697,5.494999885559082,5.390999794006348,5.4670000076293945,14803000,"KLAC | yfinance | raw OHLC, not adjusted"
2012-04-03,5.456999778747559,5.479000091552734,5.373000144958496,5.394999980926514,19814000,"KLAC | yfinance | raw OHLC, not adjusted"
2012-04-04,5.364999771118164,5.38700008392334,5.28000020980835,5.314000129699707,23509000,"KLAC | yfinance | raw OHLC, not adjusted"
2012-04-05,5.290999889373779,5.374000072479248,5.284999847412109,5.366000175476074,12463000,"KLAC | yfinance | raw OHLC, not adjusted"
2012-04-09,5.303999900817871,5.348999977111816,5.261000156402588,5.328000068664551,16047000,"KLAC | yfinance | raw OHLC, not adjusted"
2012-04-10,5.323999881744385,5.3429999351501465,5.185999870300293,5.205999851226807,22709000,"KLAC | yfinance | raw OHLC, not adjusted"
2012-04-11,5.254000186920166,5.355999946594238,5.243000030517578,5.320000171661377,25998000,"KLAC | yfinance | raw OHLC, not adjusted"
2012-04-12,5.349999904632568,5.419000148773193,5.267000198364258,5.373000144958496,19218000,"KLAC | yfinance | raw OHLC, not adjusted"
2012-04-13,5.372000217437744,5.375,5.271999835968018,5.271999835968018,16778000,"KLAC | yfinance | raw OHLC, not adjusted"
2012-04-16,5.290999889373779,5.313000202178955,5.214000225067139,5.26800012588501,14963000,"KLAC | yfinance | raw OHLC, not adjusted"
2012-04-17,5.297999858856201,5.394999980926514,5.283999919891357,5.3480000495910645,15242000,"KLAC | yfinance | raw OHLC, not adjusted"
2012-04-18,5.318999767303467,5.36299991607666,5.241000175476074,5.348999977111816,21994000,"KLAC | yfinance | raw OHLC, not adjusted"
2012-04-19,5.348999977111816,5.451000213623047,5.293000221252441,5.336999893188477,17201000,"KLAC | yfinance | raw OHLC, not adjusted"
2012-04-20,5.349999904632568,5.360000133514404,5.248000144958496,5.263000011444092,18531000,"KLAC | yfinance | raw OHLC, not adjusted"
2012-04-23,5.229000091552734,5.230000019073486,5.13100004196167,5.189000129699707,14749000,"KLAC | yfinance | raw OHLC, not adjusted"
2012-04-24,5.198999881744385,5.229000091552734,5.124000072479248,5.163000106811523,16544000,"KLAC | yfinance | raw OHLC, not adjusted"
2012-04-25,5.239999771118164,5.322000026702881,5.2270002365112305,5.320000171661377,16546000,"KLAC | yfinance | raw OHLC, not adjusted"
2012-04-26,5.3420000076293945,5.543000221252441,5.3420000076293945,5.511000156402588,51895000,"KLAC | yfinance | raw OHLC, not adjusted"
2012-04-27,5.288000106811523,5.300000190734863,5.127999782562256,5.229000091552734,46686000,"KLAC | yfinance | raw OHLC, not adjusted"
2012-04-30,5.2270002365112305,5.236999988555908,5.183000087738037,5.2129998207092285,19457000,"KLAC | yfinance | raw OHLC, not adjusted"
2012-05-01,5.2210001945495605,5.284999847412109,5.184999942779541,5.2230000495910645,16282000,"KLAC | yfinance | raw OHLC, not adjusted"
2012-05-02,5.184999942779541,5.206999778747559,5.132999897003174,5.185999870300293,20173000,"KLAC | yfinance | raw OHLC, not adjusted"
2012-05-03,5.189000129699707,5.189000129699707,5.059000015258789,5.081999778747559,23957000,"KLAC | yfinance | raw OHLC, not adjusted"
2012-05-04,5.046000003814697,5.061999797821045,4.960999965667725,4.986000061035156,21140000,"KLAC | yfinance | raw OHLC, not adjusted"
2012-05-07,4.953000068664551,4.991000175476074,4.940000057220459,4.9730000495910645,18716000,"KLAC | yfinance | raw OHLC, not adjusted"
2012-05-08,4.929999828338623,5.013000011444092,4.881999969482422,4.989999771118164,29950000,"KLAC | yfinance | raw OHLC, not adjusted"
2012-05-09,4.913000106811523,5.0370001792907715,4.89300012588501,5.002999782562256,25966000,"KLAC | yfinance | raw OHLC, not adjusted"
2012-05-10,5.006999969482422,5.038000106811523,4.954999923706055,5.0,31078000,"KLAC | yfinance | raw OHLC, not adjusted"
2012-05-11,4.99399995803833,5.054999828338623,4.988999843597412,5.002999782562256,38509000,"KLAC | yfinance | raw OHLC, not adjusted"
2012-05-14,4.947999954223633,5.013999938964844,4.914999961853027,4.998000144958496,19213000,"KLAC | yfinance | raw OHLC, not adjusted"
2012-05-15,4.989999771118164,5.0289998054504395,4.949999809265137,4.964000225067139,20621000,"KLAC | yfinance | raw OHLC, not adjusted"
2012-05-16,4.882999897003174,4.890999794006348,4.708000183105469,4.710999965667725,42439000,"KLAC | yfinance | raw OHLC, not adjusted"
2012-05-17,4.710999965667725,4.748000144958496,4.624000072479248,4.624000072479248,28546000,"KLAC | yfinance | raw OHLC, not adjusted"
2012-05-18,4.631999969482422,4.670000076293945,4.554999828338623,4.556000232696533,28726000,"KLAC | yfinance | raw OHLC, not adjusted"
2012-05-21,4.571000099182129,4.626999855041504,4.539000034332275,4.619999885559082,26952000,"KLAC | yfinance | raw OHLC, not adjusted"
2012-05-22,4.629000186920166,4.633999824523926,4.581999778747559,4.599999904632568,22204000,"KLAC | yfinance | raw OHLC, not adjusted"
2012-05-23,4.571000099182129,4.5970001220703125,4.4770002365112305,4.590000152587891,42664000,"KLAC | yfinance | raw OHLC, not adjusted"
2012-05-24,4.61299991607666,4.61299991607666,4.5269999504089355,4.573999881744385,17590000,"KLAC | yfinance | raw OHLC, not adjusted"
2012-05-25,4.578000068664551,4.64900016784668,4.570000171661377,4.614999771118164,20005000,"KLAC | yfinance | raw OHLC, not adjusted"
2012-05-29,4.673999786376953,4.714000225067139,4.638000011444092,4.684000015258789,25434000,"KLAC | yfinance | raw OHLC, not adjusted"
2012-05-30,4.639999866485596,4.6529998779296875,4.585999965667725,4.5970001220703125,23975000,"KLAC | yfinance | raw OHLC, not adjusted"
2012-05-31,4.585999965667725,4.607999801635742,4.5,4.583000183105469,21842000,"KLAC | yfinance | raw OHLC, not adjusted"
2012-06-01,4.510000228881836,4.544000148773193,4.426000118255615,4.455999851226807,26146000,"KLAC | yfinance | raw OHLC, not adjusted"
2012-06-04,4.4710001945495605,4.5320000648498535,4.406000137329102,4.465000152587891,18237000,"KLAC | yfinance | raw OHLC, not adjusted"
2012-06-05,4.474999904632568,4.539000034332275,4.455999851226807,4.497000217437744,22216000,"KLAC | yfinance | raw OHLC, not adjusted"
2012-06-06,4.534999847412109,4.656000137329102,4.526000022888184,4.6529998779296875,19095000,"KLAC | yfinance | raw OHLC, not adjusted"
2012-06-07,4.695000171661377,4.706999778747559,4.589000225067139,4.593999862670898,19366000,"KLAC | yfinance | raw OHLC, not adjusted"
2012-06-08,4.589000225067139,4.73799991607666,4.568999767303467,4.732999801635742,25267000,"KLAC | yfinance | raw OHLC, not adjusted"
2012-06-11,4.789000034332275,4.815000057220459,4.692999839782715,4.698999881744385,22068000,"KLAC | yfinance | raw OHLC, not adjusted"
2012-06-12,4.7129998207092285,4.765999794006348,4.675000190734863,4.764999866485596,19225000,"KLAC | yfinance | raw OHLC, not adjusted"
2012-06-13,4.752999782562256,4.839000225067139,4.7230000495910645,4.74399995803833,22184000,"KLAC | yfinance | raw OHLC, not adjusted"
2012-06-14,4.752999782562256,4.7820000648498535,4.678999900817871,4.730999946594238,16385000,"KLAC | yfinance | raw OHLC, not adjusted"
2012-06-15,4.75,4.831999778747559,4.735000133514404,4.830999851226807,24328000,"KLAC | yfinance | raw OHLC, not adjusted"
2012-06-18,4.816999912261963,4.947999954223633,4.802999973297119,4.941999912261963,18493000,"KLAC | yfinance | raw OHLC, not adjusted"
2012-06-19,4.9679999351501465,5.0,4.927000045776367,4.954999923706055,23165000,"KLAC | yfinance | raw OHLC, not adjusted"
2012-06-20,4.974999904632568,5.014999866485596,4.929999828338623,4.974999904632568,17411000,"KLAC | yfinance | raw OHLC, not adjusted"
2012-06-21,4.955999851226807,4.980000019073486,4.823999881744385,4.8420000076293945,20868000,"KLAC | yfinance | raw OHLC, not adjusted"
2012-06-22,4.857999801635742,4.895999908447266,4.829999923706055,4.848999977111816,52783000,"KLAC | yfinance | raw OHLC, not adjusted"
2012-06-25,4.808000087738037,4.809000015258789,4.675000190734863,4.705999851226807,22628000,"KLAC | yfinance | raw OHLC, not adjusted"
2012-06-26,4.72599983215332,4.765999794006348,4.676000118255615,4.745999813079834,16387000,"KLAC | yfinance | raw OHLC, not adjusted"
2012-06-27,4.784999847412109,4.833000183105469,4.756999969482422,4.810999870300293,13351000,"KLAC | yfinance | raw OHLC, not adjusted"
2012-06-28,4.790999889373779,4.800000190734863,4.690000057220459,4.75,14829000,"KLAC | yfinance | raw OHLC, not adjusted"
2012-06-29,4.849999904632568,4.946000099182129,4.8420000076293945,4.925000190734863,17800000,"KLAC | yfinance | raw OHLC, not adjusted"
2012-07-02,4.9070000648498535,4.949999809265137,4.855999946594238,4.894999980926514,16108000,"KLAC | yfinance | raw OHLC, not adjusted"
2012-07-03,4.88700008392334,4.908999919891357,4.861999988555908,4.895999908447266,10434000,"KLAC | yfinance | raw OHLC, not adjusted"
2012-07-05,4.860000133514404,4.916999816894531,4.815999984741211,4.880000114440918,16550000,"KLAC | yfinance | raw OHLC, not adjusted"
2012-07-06,4.826000213623047,4.8379998207092285,4.585000038146973,4.605999946594238,36822000,"KLAC | yfinance | raw OHLC, not adjusted"
2012-07-09,4.598999977111816,4.607999801635742,4.505000114440918,4.561999797821045,29130000,"KLAC | yfinance | raw OHLC, not adjusted"
2012-07-10,4.493000030517578,4.682000160217285,4.4770002365112305,4.548999786376953,55780000,"KLAC | yfinance | raw OHLC, not adjusted"
2012-07-11,4.563000202178955,4.623000144958496,4.513000011444092,4.553999900817871,20163000,"KLAC | yfinance | raw OHLC, not adjusted"
2012-07-12,4.515999794006348,4.590000152587891,4.479000091552734,4.561999797821045,20290000,"KLAC | yfinance | raw OHLC, not adjusted"
2012-07-13,4.563000202178955,4.63100004196167,4.552000045776367,4.571000099182129,18790000,"KLAC | yfinance | raw OHLC, not adjusted"
2012-07-16,4.540999889373779,4.583000183105469,4.48799991607666,4.559000015258789,17396000,"KLAC | yfinance | raw OHLC, not adjusted"
2012-07-17,4.59499979019165,4.625999927520752,4.540999889373779,4.6020002365112305,29001000,"KLAC | yfinance | raw OHLC, not adjusted"
2012-07-18,4.5960001945495605,4.879000186920166,4.5879998207092285,4.869999885559082,32241000,"KLAC | yfinance | raw OHLC, not adjusted"
2012-07-19,4.888000011444092,4.934999942779541,4.855000019073486,4.934000015258789,23146000,"KLAC | yfinance | raw OHLC, not adjusted"
2012-07-20,4.927999973297119,4.939000129699707,4.88100004196167,4.921999931335449,23642000,"KLAC | yfinance | raw OHLC, not adjusted"
2012-07-23,4.836999893188477,4.843999862670898,4.76200008392334,4.822999954223633,22273000,"KLAC | yfinance | raw OHLC, not adjusted"
2012-07-24,4.822999954223633,4.84499979019165,4.7779998779296875,4.809999942779541,18160000,"KLAC | yfinance | raw OHLC, not adjusted"
2012-07-25,4.849999904632568,4.954999923706055,4.822999954223633,4.894000053405762,23420000,"KLAC | yfinance | raw OHLC, not adjusted"
2012-07-26,4.96999979019165,5.063000202178955,4.876999855041504,4.966000080108643,27536000,"KLAC | yfinance | raw OHLC, not adjusted"
2012-07-27,4.864999771118164,5.117000102996826,4.824999809265137,5.091000080108643,27111000,"KLAC | yfinance | raw OHLC, not adjusted"
2012-07-30,5.105000019073486,5.144999980926514,5.090000152587891,5.114999771118164,17683000,"KLAC | yfinance | raw OHLC, not adjusted"
2012-07-31,5.104000091552734,5.142000198364258,5.085999965667725,5.091000080108643,26121000,"KLAC | yfinance | raw OHLC, not adjusted"
2012-08-01,5.135000228881836,5.144000053405762,5.057000160217285,5.078000068664551,17260000,"KLAC | yfinance | raw OHLC, not adjusted"
2012-08-02,5.071000099182129,5.234000205993652,5.047999858856201,5.159999847412109,27460000,"KLAC | yfinance | raw OHLC, not adjusted"
2012-08-03,5.2210001945495605,5.239999771118164,5.177999973297119,5.210000038146973,18953000,"KLAC | yfinance | raw OHLC, not adjusted"
2012-08-06,5.2210001945495605,5.25600004196167,5.198999881744385,5.203000068664551,14870000,"KLAC | yfinance | raw OHLC, not adjusted"
2012-08-07,5.238999843597412,5.321000099182129,5.2179999351501465,5.2779998779296875,17765000,"KLAC | yfinance | raw OHLC, not adjusted"
2012-08-08,5.275000095367432,5.316999912261963,5.239999771118164,5.290999889373779,18866000,"KLAC | yfinance | raw OHLC, not adjusted"
2012-08-09,5.264999866485596,5.335999965667725,5.257999897003174,5.306000232696533,15299000,"KLAC | yfinance | raw OHLC, not adjusted"
2012-08-10,5.276000022888184,5.321000099182129,5.260000228881836,5.311999797821045,8965000,"KLAC | yfinance | raw OHLC, not adjusted"
2012-08-13,5.2870001792907715,5.311999797821045,5.228000164031982,5.295000076293945,15832000,"KLAC | yfinance | raw OHLC, not adjusted"
2012-08-14,5.315000057220459,5.317999839782715,5.2129998207092285,5.229000091552734,15284000,"KLAC | yfinance | raw OHLC, not adjusted"
2012-08-15,5.230000019073486,5.289000034332275,5.230000019073486,5.255000114440918,12240000,"KLAC | yfinance | raw OHLC, not adjusted"
2012-08-16,5.288000106811523,5.349999904632568,5.251999855041504,5.330999851226807,17767000,"KLAC | yfinance | raw OHLC, not adjusted"
2012-08-17,5.3429999351501465,5.364999771118164,5.313000202178955,5.334000110626221,13903000,"KLAC | yfinance | raw OHLC, not adjusted"
2012-08-20,5.335000038146973,5.3480000495910645,5.260000228881836,5.329999923706055,12216000,"KLAC | yfinance | raw OHLC, not adjusted"
2012-08-21,5.355000019073486,5.410999774932861,5.335999965667725,5.359000205993652,18790000,"KLAC | yfinance | raw OHLC, not adjusted"
2012-08-22,5.339000225067139,5.354000091552734,5.288000106811523,5.327000141143799,15651000,"KLAC | yfinance | raw OHLC, not adjusted"
2012-08-23,5.302999973297119,5.34499979019165,5.289999961853027,5.306000232696533,14012000,"KLAC | yfinance | raw OHLC, not adjusted"
2012-08-24,5.306000232696533,5.366000175476074,5.300000190734863,5.335999965667725,14510000,"KLAC | yfinance | raw OHLC, not adjusted"
2012-08-27,5.3420000076293945,5.359000205993652,5.2870001792907715,5.297999858856201,17952000,"KLAC | yfinance | raw OHLC, not adjusted"
2012-08-28,5.139999866485596,5.184000015258789,5.0370001792907715,5.165999889373779,40903000,"KLAC | yfinance | raw OHLC, not adjusted"
2012-08-29,5.190000057220459,5.24399995803833,5.158999919891357,5.2230000495910645,17875000,"KLAC | yfinance | raw OHLC, not adjusted"
2012-08-30,5.129000186920166,5.177000045776367,5.086999893188477,5.089000225067139,21552000,"KLAC | yfinance | raw OHLC, not adjusted"
2012-08-31,5.138000011444092,5.169000148773193,5.072000026702881,5.13100004196167,17036000,"KLAC | yfinance | raw OHLC, not adjusted"
2012-09-04,5.126999855041504,5.234000205993652,5.0929999351501465,5.211999893188477,21125000,"KLAC | yfinance | raw OHLC, not adjusted"
2012-09-05,5.142000198364258,5.21999979019165,5.10699987411499,5.116000175476074,19489000,"KLAC | yfinance | raw OHLC, not adjusted"
2012-09-06,5.159999847412109,5.249000072479248,5.1519999504089355,5.242000102996826,16003000,"KLAC | yfinance | raw OHLC, not adjusted"
2012-09-07,5.13100004196167,5.214000225067139,5.079999923706055,5.184999942779541,22868000,"KLAC | yfinance | raw OHLC, not adjusted"
2012-09-10,5.181000232696533,5.2769999504089355,5.1579999923706055,5.2170000076293945,19323000,"KLAC | yfinance | raw OHLC, not adjusted"
2012-09-11,5.208000183105469,5.256999969482422,5.168000221252441,5.183000087738037,21769000,"KLAC | yfinance | raw OHLC, not adjusted"
2012-09-12,5.218999862670898,5.26800012588501,5.144000053405762,5.14900016784668,18143000,"KLAC | yfinance | raw OHLC, not adjusted"
2012-09-13,5.1479997634887695,5.164000034332275,5.073999881744385,5.1479997634887695,27107000,"KLAC | yfinance | raw OHLC, not adjusted"
2012-09-14,5.172999858856201,5.298999786376953,5.1479997634887695,5.248000144958496,17719000,"KLAC | yfinance | raw OHLC, not adjusted"
2012-09-17,5.185999870300293,5.2210001945495605,5.139999866485596,5.184999942779541,18646000,"KLAC | yfinance | raw OHLC, not adjusted"
2012-09-18,5.185999870300293,5.185999870300293,5.074999809265137,5.085000038146973,23251000,"KLAC | yfinance | raw OHLC, not adjusted"
2012-09-19,4.919000148773193,4.934999942779541,4.828000068664551,4.8429999351501465,62824000,"KLAC | yfinance | raw OHLC, not adjusted"
2012-09-20,4.818999767303467,4.818999767303467,4.738999843597412,4.758999824523926,34024000,"KLAC | yfinance | raw OHLC, not adjusted"
2012-09-21,4.742000102996826,4.794000148773193,4.741000175476074,4.765999794006348,25926000,"KLAC | yfinance | raw OHLC, not adjusted"
2012-09-24,4.752999782562256,4.761000156402588,4.689000129699707,4.7129998207092285,19875000,"KLAC | yfinance | raw OHLC, not adjusted"
2012-09-25,4.75,4.7789998054504395,4.665999889373779,4.684999942779541,29513000,"KLAC | yfinance | raw OHLC, not adjusted"
2012-09-26,4.696000099182129,4.697999954223633,4.642000198364258,4.684000015258789,32449000,"KLAC | yfinance | raw OHLC, not adjusted"
2012-09-27,4.705999851226807,4.797999858856201,4.6620001792907715,4.789999961853027,31983000,"KLAC | yfinance | raw OHLC, not adjusted"
2012-09-28,4.757999897003174,4.809999942779541,4.703999996185303,4.770999908447266,31757000,"KLAC | yfinance | raw OHLC, not adjusted"
2012-10-01,4.800000190734863,4.894000053405762,4.7210001945495605,4.729000091552734,33078000,"KLAC | yfinance | raw OHLC, not adjusted"
2012-10-02,4.732999801635742,4.756999969482422,4.685999870300293,4.755000114440918,19933000,"KLAC | yfinance | raw OHLC, not adjusted"
2012-10-03,4.763000011444092,4.7769999504089355,4.710000038146973,4.7179999351501465,18926000,"KLAC | yfinance | raw OHLC, not adjusted"
2012-10-04,4.738999843597412,4.767000198364258,4.705999851226807,4.715000152587891,16701000,"KLAC | yfinance | raw OHLC, not adjusted"
2012-10-05,4.741000175476074,4.802000045776367,4.705999851226807,4.711999893188477,12459000,"KLAC | yfinance | raw OHLC, not adjusted"
2012-10-08,4.686999797821045,4.697000026702881,4.6479997634887695,4.684000015258789,13368000,"KLAC | yfinance | raw OHLC, not adjusted"
2012-10-09,4.682000160217285,4.705999851226807,4.619999885559082,4.646999835968018,22009000,"KLAC | yfinance | raw OHLC, not adjusted"
2012-10-10,4.638000011444092,4.644000053405762,4.544000148773193,4.554999828338623,24555000,"KLAC | yfinance | raw OHLC, not adjusted"
2012-10-11,4.561999797821045,4.574999809265137,4.48799991607666,4.489999771118164,28130000,"KLAC | yfinance | raw OHLC, not adjusted"
2012-10-12,4.489999771118164,4.577000141143799,4.46999979019165,4.514999866485596,22050000,"KLAC | yfinance | raw OHLC, not adjusted"
2012-10-15,4.538000106811523,4.5960001945495605,4.517000198364258,4.576000213623047,25238000,"KLAC | yfinance | raw OHLC, not adjusted"
2012-10-16,4.5879998207092285,4.658999919891357,4.552999973297119,4.63100004196167,23631000,"KLAC | yfinance | raw OHLC, not adjusted"
2012-10-17,4.6020002365112305,4.711999893188477,4.559999942779541,4.572999954223633,34199000,"KLAC | yfinance | raw OHLC, not adjusted"
2012-10-18,4.5879998207092285,4.663000106811523,4.556000232696533,4.6570000648498535,32925000,"KLAC | yfinance | raw OHLC, not adjusted"
2012-10-19,4.6579999923706055,4.664000034332275,4.541999816894531,4.558000087738037,22559000,"KLAC | yfinance | raw OHLC, not adjusted"
2012-10-22,4.577000141143799,4.701000213623047,4.572000026702881,4.693999767303467,25740000,"KLAC | yfinance | raw OHLC, not adjusted"
2012-10-23,4.627999782562256,4.688000202178955,4.580999851226807,4.659999847412109,28084000,"KLAC | yfinance | raw OHLC, not adjusted"
2012-10-24,4.675000190734863,4.734000205993652,4.6579999923706055,4.7129998207092285,27753000,"KLAC | yfinance | raw OHLC, not adjusted"
2012-10-25,4.729000091552734,4.748000144958496,4.622000217437744,4.714000225067139,45465000,"KLAC | yfinance | raw OHLC, not adjusted"
2012-10-26,4.683000087738037,4.829999923706055,4.619999885559082,4.663000106811523,42790000,"KLAC | yfinance | raw OHLC, not adjusted"
2012-10-31,4.671000003814697,4.699999809265137,4.5879998207092285,4.65500020980835,26089000,"KLAC | yfinance | raw OHLC, not adjusted"
2012-11-01,4.691999912261963,4.879000186920166,4.668000221252441,4.872000217437744,23409000,"KLAC | yfinance | raw OHLC, not adjusted"
2012-11-02,4.861000061035156,4.870999813079834,4.752999782562256,4.789999961853027,28244000,"KLAC | yfinance | raw OHLC, not adjusted"
2012-11-05,4.770999908447266,4.8480000495910645,4.748000144958496,4.822999954223633,19095000,"KLAC | yfinance | raw OHLC, not adjusted"
2012-11-06,4.8480000495910645,4.889999866485596,4.818999767303467,4.889999866485596,29422000,"KLAC | yfinance | raw OHLC, not adjusted"
2012-11-07,4.835999965667725,4.85099983215332,4.673999786376953,4.691999912261963,25579000,"KLAC | yfinance | raw OHLC, not adjusted"
2012-11-08,4.683000087738037,4.691999912261963,4.552000045776367,4.565999984741211,35188000,"KLAC | yfinance | raw OHLC, not adjusted"
2012-11-09,4.565000057220459,4.659999847412109,4.559999942779541,4.624000072479248,34194000,"KLAC | yfinance | raw OHLC, not adjusted"
2012-11-12,4.704999923706055,4.800000190734863,4.684000015258789,4.760000228881836,27107000,"KLAC | yfinance | raw OHLC, not adjusted"
2012-11-13,4.7230000495910645,4.74399995803833,4.605000019073486,4.60699987411499,27214000,"KLAC | yfinance | raw OHLC, not adjusted"
2012-11-14,4.650000095367432,4.668000221252441,4.50600004196167,4.513000011444092,30093000,"KLAC | yfinance | raw OHLC, not adjusted"
2012-11-15,4.480999946594238,4.506999969482422,4.375,4.396999835968018,39595000,"KLAC | yfinance | raw OHLC, not adjusted"
2012-11-16,4.414000034332275,4.448999881744385,4.321000099182129,4.433000087738037,30175000,"KLAC | yfinance | raw OHLC, not adjusted"
2012-11-19,4.441999912261963,4.478000164031982,4.39900016784668,4.425000190734863,25431000,"KLAC | yfinance | raw OHLC, not adjusted"
2012-11-20,4.415999889373779,4.453999996185303,4.379000186920166,4.433000087738037,19245000,"KLAC | yfinance | raw OHLC, not adjusted"
2012-11-21,4.433000087738037,4.435999870300293,4.4019999504089355,4.413000106811523,9790000,"KLAC | yfinance | raw OHLC, not adjusted"
2012-11-23,4.449999809265137,4.534999847412109,4.447000026702881,4.517000198364258,7321000,"KLAC | yfinance | raw OHLC, not adjusted"
2012-11-26,4.495999813079834,4.5370001792907715,4.468999862670898,4.51200008392334,16951000,"KLAC | yfinance | raw OHLC, not adjusted"
2012-11-27,4.508999824523926,4.519999980926514,4.466000080108643,4.473999977111816,16647000,"KLAC | yfinance | raw OHLC, not adjusted"
2012-11-28,4.455999851226807,4.554999828338623,4.385000228881836,4.552999973297119,23322000,"KLAC | yfinance | raw OHLC, not adjusted"
2012-11-29,4.564000129699707,4.5879998207092285,4.520999908447266,4.557000160217285,13298000,"KLAC | yfinance | raw OHLC, not adjusted"
2012-11-30,4.565999984741211,4.570000171661377,4.495999813079834,4.546999931335449,22636000,"KLAC | yfinance | raw OHLC, not adjusted"
2012-12-03,4.572000026702881,4.5879998207092285,4.513999938964844,4.539000034332275,18976000,"KLAC | yfinance | raw OHLC, not adjusted"
2012-12-04,4.541999816894531,4.7230000495910645,4.521999835968018,4.718999862670898,31572000,"KLAC | yfinance | raw OHLC, not adjusted"
2012-12-05,4.718999862670898,4.732999801635742,4.627999782562256,4.639999866485596,22194000,"KLAC | yfinance | raw OHLC, not adjusted"
2012-12-06,4.642000198364258,4.705999851226807,4.642000198364258,4.696000099182129,11685000,"KLAC | yfinance | raw OHLC, not adjusted"
2012-12-07,4.709000110626221,4.728000164031982,4.665999889373779,4.718999862670898,12087000,"KLAC | yfinance | raw OHLC, not adjusted"
2012-12-10,4.714000225067139,4.781000137329102,4.714000225067139,4.742000102996826,14419000,"KLAC | yfinance | raw OHLC, not adjusted"
2012-12-11,4.769000053405762,4.789999961853027,4.730000019073486,4.742000102996826,15611000,"KLAC | yfinance | raw OHLC, not adjusted"
2012-12-12,4.767000198364258,4.771999835968018,4.698999881744385,4.708000183105469,12752000,"KLAC | yfinance | raw OHLC, not adjusted"
2012-12-13,4.703999996185303,4.734000205993652,4.625,4.660999774932861,13347000,"KLAC | yfinance | raw OHLC, not adjusted"
2012-12-14,4.666999816894531,4.755000114440918,4.635000228881836,4.7179999351501465,18667000,"KLAC | yfinance | raw OHLC, not adjusted"
2012-12-17,4.7270002365112305,4.775000095367432,4.671999931335449,4.735000133514404,14646000,"KLAC | yfinance | raw OHLC, not adjusted"
2012-12-18,4.736999988555908,4.789000034332275,4.711999893188477,4.783999919891357,12580000,"KLAC | yfinance | raw OHLC, not adjusted"
2012-12-19,4.791999816894531,4.828999996185303,4.7729997634887695,4.791999816894531,10661000,"KLAC | yfinance | raw OHLC, not adjusted"
2012-12-20,4.806000232696533,4.869999885559082,4.770999908447266,4.85099983215332,13674000,"KLAC | yfinance | raw OHLC, not adjusted"
2012-12-21,4.789999961853027,4.840000152587891,4.706999778747559,4.836999893188477,23759000,"KLAC | yfinance | raw OHLC, not adjusted"
2012-12-24,4.808000087738037,4.879000186920166,4.7729997634887695,4.781000137329102,5704000,"KLAC | yfinance | raw OHLC, not adjusted"
2012-12-26,4.800000190734863,4.824999809265137,4.754000186920166,4.76800012588501,7987000,"KLAC | yfinance | raw OHLC, not adjusted"
2012-12-27,4.769999980926514,4.78000020980835,4.675000190734863,4.743000030517578,14914000,"KLAC | yfinance | raw OHLC, not adjusted"
2012-12-28,4.71999979019165,4.763999938964844,4.697000026702881,4.702000141143799,9379000,"KLAC | yfinance | raw OHLC, not adjusted"
2012-12-31,4.7129998207092285,4.776000022888184,4.676000118255615,4.776000022888184,10323000,"KLAC | yfinance | raw OHLC, not adjusted"
2013-01-02,4.88100004196167,4.96999979019165,4.873000144958496,4.956999778747559,18375000,"KLAC | yfinance | raw OHLC, not adjusted"
2013-01-03,5.0,5.01800012588501,4.888000011444092,4.914000034332275,22379000,"KLAC | yfinance | raw OHLC, not adjusted"
2013-01-04,4.915999889373779,4.934000015258789,4.876999855041504,4.8979997634887695,13323000,"KLAC | yfinance | raw OHLC, not adjusted"
2013-01-07,4.864999771118164,4.872000217437744,4.788000106811523,4.86299991607666,15480000,"KLAC | yfinance | raw OHLC, not adjusted"
2013-01-08,4.835999965667725,4.848999977111816,4.736999988555908,4.736999988555908,15667000,"KLAC | yfinance | raw OHLC, not adjusted"
2013-01-09,4.754000186920166,4.796000003814697,4.748000144958496,4.783999919891357,10209000,"KLAC | yfinance | raw OHLC, not adjusted"
2013-01-10,4.811999797821045,4.869999885559082,4.802999973297119,4.859000205993652,15309000,"KLAC | yfinance | raw OHLC, not adjusted"
2013-01-11,4.86899995803833,4.922999858856201,4.840000152587891,4.919000148773193,17718000,"KLAC | yfinance | raw OHLC, not adjusted"
2013-01-14,4.900000095367432,4.947999954223633,4.872000217437744,4.892000198364258,13257000,"KLAC | yfinance | raw OHLC, not adjusted"
2013-01-15,4.855000019073486,4.864999771118164,4.810999870300293,4.839000225067139,16632000,"KLAC | yfinance | raw OHLC, not adjusted"
2013-01-16,4.822000026702881,4.873000144958496,4.815999984741211,4.849999904632568,14933000,"KLAC | yfinance | raw OHLC, not adjusted"
2013-01-17,4.855999946594238,5.199999809265137,4.849999904632568,5.189000129699707,71261000,"KLAC | yfinance | raw OHLC, not adjusted"
2013-01-18,5.210999965667725,5.242000102996826,5.14900016784668,5.184000015258789,41401000,"KLAC | yfinance | raw OHLC, not adjusted"
2013-01-22,5.179999828338623,5.197999954223633,5.145999908447266,5.179999828338623,18798000,"KLAC | yfinance | raw OHLC, not adjusted"
2013-01-23,5.199999809265137,5.249000072479248,5.139999866485596,5.235000133514404,19676000,"KLAC | yfinance | raw OHLC, not adjusted"
2013-01-24,5.2220001220703125,5.25600004196167,5.177000045776367,5.197000026702881,22007000,"KLAC | yfinance | raw OHLC, not adjusted"
2013-01-25,5.349999904632568,5.796999931335449,5.349999904632568,5.633999824523926,71617000,"KLAC | yfinance | raw OHLC, not adjusted"
2013-01-28,5.625,5.651000022888184,5.585999965667725,5.610000133514404,21704000,"KLAC | yfinance | raw OHLC, not adjusted"
2013-01-29,5.591000080108643,5.604000091552734,5.513000011444092,5.581999778747559,27218000,"KLAC | yfinance | raw OHLC, not adjusted"
2013-01-30,5.589000225067139,5.599999904632568,5.50600004196167,5.517000198364258,20986000,"KLAC | yfinance | raw OHLC, not adjusted"
2013-01-31,5.548999786376953,5.589000225067139,5.482999801635742,5.491000175476074,20982000,"KLAC | yfinance | raw OHLC, not adjusted"
2013-02-01,5.543000221252441,5.605000019073486,5.520999908447266,5.576000213623047,19557000,"KLAC | yfinance | raw OHLC, not adjusted"
2013-02-04,5.554999828338623,5.685999870300293,5.550000190734863,5.581999778747559,28666000,"KLAC | yfinance | raw OHLC, not adjusted"
2013-02-05,5.61899995803833,5.664000034332275,5.585999965667725,5.65500020980835,26344000,"KLAC | yfinance | raw OHLC, not adjusted"
2013-02-06,5.611999988555908,5.7179999351501465,5.610000133514404,5.702000141143799,31691000,"KLAC | yfinance | raw OHLC, not adjusted"
2013-02-07,5.693999767303467,5.693999767303467,5.5920000076293945,5.678999900817871,22597000,"KLAC | yfinance | raw OHLC, not adjusted"
2013-02-08,5.697000026702881,5.7179999351501465,5.618000030517578,5.6570000648498535,20665000,"KLAC | yfinance | raw OHLC, not adjusted"
2013-02-11,5.666999816894531,5.689000129699707,5.625999927520752,5.638000011444092,16723000,"KLAC | yfinance | raw OHLC, not adjusted"
2013-02-12,5.656000137329102,5.679999828338623,5.624000072479248,5.671000003814697,18607000,"KLAC | yfinance | raw OHLC, not adjusted"
2013-02-13,5.676000118255615,5.699999809265137,5.620999813079834,5.660999774932861,14952000,"KLAC | yfinance | raw OHLC, not adjusted"
2013-02-14,5.60099983215332,5.618000030517578,5.552000045776367,5.610000133514404,21828000,"KLAC | yfinance | raw OHLC, not adjusted"
2013-02-15,5.61299991607666,5.627999782562256,5.533999919891357,5.576000213623047,14838000,"KLAC | yfinance | raw OHLC, not adjusted"
2013-02-19,5.598999977111816,5.714000225067139,5.585000038146973,5.638999938964844,21399000,"KLAC | yfinance | raw OHLC, not adjusted"
2013-02-20,5.646999835968018,5.651000022888184,5.485000133514404,5.489999771118164,16752000,"KLAC | yfinance | raw OHLC, not adjusted"
2013-02-21,5.489999771118164,5.510000228881836,5.353000164031982,5.386000156402588,31418000,"KLAC | yfinance | raw OHLC, not adjusted"
2013-02-22,5.427999973297119,5.502999782562256,5.427999973297119,5.478000164031982,15768000,"KLAC | yfinance | raw OHLC, not adjusted"
2013-02-25,5.5229997634887695,5.557000160217285,5.300000190734863,5.302000045776367,21468000,"KLAC | yfinance | raw OHLC, not adjusted"
2013-02-26,5.3429999351501465,5.427000045776367,5.331999778747559,5.392000198364258,16952000,"KLAC | yfinance | raw OHLC, not adjusted"
2013-02-27,5.372000217437744,5.507999897003174,5.354000091552734,5.4730000495910645,17065000,"KLAC | yfinance | raw OHLC, not adjusted"
2013-02-28,5.46999979019165,5.5269999504089355,5.421999931335449,5.47599983215332,18106000,"KLAC | yfinance | raw OHLC, not adjusted"
2013-03-01,5.435999870300293,5.474999904632568,5.361000061035156,5.449999809265137,21224000,"KLAC | yfinance | raw OHLC, not adjusted"
2013-03-04,5.423999786376953,5.446000099182129,5.372000217437744,5.396999835968018,17812000,"KLAC | yfinance | raw OHLC, not adjusted"
2013-03-05,5.441999912261963,5.581999778747559,5.431000232696533,5.554999828338623,24731000,"KLAC | yfinance | raw OHLC, not adjusted"
2013-03-06,5.576000213623047,5.576000213623047,5.480999946594238,5.5,26913000,"KLAC | yfinance | raw OHLC, not adjusted"
2013-03-07,5.52400016784668,5.554999828338623,5.486999988555908,5.504000186920166,14219000,"KLAC | yfinance | raw OHLC, not adjusted"
2013-03-08,5.533999919891357,5.574999809265137,5.454999923706055,5.515999794006348,11572000,"KLAC | yfinance | raw OHLC, not adjusted"
2013-03-11,5.497000217437744,5.5,5.454999923706055,5.4710001945495605,11348000,"KLAC | yfinance | raw OHLC, not adjusted"
2013-03-12,5.466000080108643,5.494999885559082,5.413000106811523,5.464000225067139,9454000,"KLAC | yfinance | raw OHLC, not adjusted"
2013-03-13,5.4730000495910645,5.488999843597412,5.421000003814697,5.4730000495910645,7273000,"KLAC | yfinance | raw OHLC, not adjusted"
2013-03-14,5.5,5.571000099182129,5.486999988555908,5.493000030517578,12230000,"KLAC | yfinance | raw OHLC, not adjusted"
2013-03-15,5.46999979019165,5.485000133514404,5.238999843597412,5.264999866485596,52444000,"KLAC | yfinance | raw OHLC, not adjusted"
2013-03-18,5.23199987411499,5.263000011444092,5.15500020980835,5.172999858856201,23975000,"KLAC | yfinance | raw OHLC, not adjusted"
2013-03-19,5.172999858856201,5.2179999351501465,5.079999923706055,5.135000228881836,27538000,"KLAC | yfinance | raw OHLC, not adjusted"
2013-03-20,5.182000160217285,5.206999778747559,5.14300012588501,5.1579999923706055,14106000,"KLAC | yfinance | raw OHLC, not adjusted"
2013-03-21,5.119999885559082,5.171000003814697,5.099999904632568,5.125999927520752,18428000,"KLAC | yfinance | raw OHLC, not adjusted"
2013-03-22,5.151000022888184,5.183000087738037,5.0980000495910645,5.1620001792907715,19098000,"KLAC | yfinance | raw OHLC, not adjusted"
2013-03-25,5.208000183105469,5.2170000076293945,5.114999771118164,5.164999961853027,12716000,"KLAC | yfinance | raw OHLC, not adjusted"
2013-03-26,5.256999969482422,5.26800012588501,5.145999908447266,5.204999923706055,16827000,"KLAC | yfinance | raw OHLC, not adjusted"
2013-03-27,5.1539998054504395,5.177999973297119,5.13100004196167,5.173999786376953,16950000,"KLAC | yfinance | raw OHLC, not adjusted"
2013-03-28,5.1529998779296875,5.28000020980835,5.1529998779296875,5.27400016784668,15549000,"KLAC | yfinance | raw OHLC, not adjusted"
2013-04-01,5.2729997634887695,5.2820000648498535,5.142000198364258,5.1570000648498535,15007000,"KLAC | yfinance | raw OHLC, not adjusted"
2013-04-02,5.158999919891357,5.189000129699707,5.129000186920166,5.139999866485596,18191000,"KLAC | yfinance | raw OHLC, not adjusted"
2013-04-03,5.166999816894531,5.198999881744385,5.107999801635742,5.130000114440918,20788000,"KLAC | yfinance | raw OHLC, not adjusted"
2013-04-04,5.126999855041504,5.181000232696533,5.110000133514404,5.1539998054504395,12183000,"KLAC | yfinance | raw OHLC, not adjusted"
2013-04-05,5.079999923706055,5.178999900817871,5.0269999504089355,5.172999858856201,18794000,"KLAC | yfinance | raw OHLC, not adjusted"
2013-04-08,5.1620001792907715,5.199999809265137,5.130000114440918,5.198999881744385,16103000,"KLAC | yfinance | raw OHLC, not adjusted"
2013-04-09,5.199999809265137,5.314000129699707,5.183000087738037,5.263999938964844,15301000,"KLAC | yfinance | raw OHLC, not adjusted"
2013-04-10,5.264999866485596,5.427999973297119,5.260000228881836,5.426000118255615,19016000,"KLAC | yfinance | raw OHLC, not adjusted"
2013-04-11,5.4029998779296875,5.493000030517578,5.373000144958496,5.380000114440918,16021000,"KLAC | yfinance | raw OHLC, not adjusted"
2013-04-12,5.379000186920166,5.385000228881836,5.303999900817871,5.376999855041504,11569000,"KLAC | yfinance | raw OHLC, not adjusted"
2013-04-15,5.369999885559082,5.386000156402588,5.2170000076293945,5.230999946594238,16664000,"KLAC | yfinance | raw OHLC, not adjusted"
2013-04-16,5.244999885559082,5.35099983215332,5.216000080108643,5.3429999351501465,18462000,"KLAC | yfinance | raw OHLC, not adjusted"
2013-04-17,5.303999900817871,5.4120001792907715,5.211999893188477,5.275000095367432,23121000,"KLAC | yfinance | raw OHLC, not adjusted"
2013-04-18,5.331999778747559,5.39300012588501,5.2729997634887695,5.2870001792907715,21370000,"KLAC | yfinance | raw OHLC, not adjusted"
2013-04-19,5.258999824523926,5.343999862670898,5.2230000495910645,5.304999828338623,17957000,"KLAC | yfinance | raw OHLC, not adjusted"
2013-04-22,5.3420000076293945,5.421000003814697,5.234000205993652,5.375999927520752,15875000,"KLAC | yfinance | raw OHLC, not adjusted"
2013-04-23,5.429999828338623,5.538000106811523,5.394000053405762,5.520999908447266,23071000,"KLAC | yfinance | raw OHLC, not adjusted"
2013-04-24,5.51200008392334,5.554999828338623,5.48799991607666,5.548999786376953,14799000,"KLAC | yfinance | raw OHLC, not adjusted"
2013-04-25,5.579999923706055,5.699999809265137,5.561999797821045,5.590000152587891,24576000,"KLAC | yfinance | raw OHLC, not adjusted"
2013-04-26,5.160999774932861,5.300000190734863,5.0229997634887695,5.210999965667725,78126000,"KLAC | yfinance | raw OHLC, not adjusted"
2013-04-29,5.177999973297119,5.324999809265137,5.172999858856201,5.310999870300293,31917000,"KLAC | yfinance | raw OHLC, not adjusted"
2013-04-30,5.315000057220459,5.449999809265137,5.302000045776367,5.425000190734863,43250000,"KLAC | yfinance | raw OHLC, not adjusted"
2013-05-01,5.422999858856201,5.436999797821045,5.34499979019165,5.359000205993652,22462000,"KLAC | yfinance | raw OHLC, not adjusted"
2013-05-02,5.359000205993652,5.409999847412109,5.348999977111816,5.388999938964844,20408000,"KLAC | yfinance | raw OHLC, not adjusted"
2013-05-03,5.460999965667725,5.468999862670898,5.409999847412109,5.429999828338623,28401000,"KLAC | yfinance | raw OHLC, not adjusted"
2013-05-06,5.425000190734863,5.436999797821045,5.385000228881836,5.406000137329102,20574000,"KLAC | yfinance | raw OHLC, not adjusted"
2013-05-07,5.421999931335449,5.473999977111816,5.39900016784668,5.446000099182129,34049000,"KLAC | yfinance | raw OHLC, not adjusted"
2013-05-08,5.478000164031982,5.489999771118164,5.408999919891357,5.46999979019165,13245000,"KLAC | yfinance | raw OHLC, not adjusted"
2013-05-09,5.459000110626221,5.497000217437744,5.401000022888184,5.420000076293945,19706000,"KLAC | yfinance | raw OHLC, not adjusted"
2013-05-10,5.428999900817871,5.478000164031982,5.38100004196167,5.447000026702881,14286000,"KLAC | yfinance | raw OHLC, not adjusted"
2013-05-13,5.419000148773193,5.439000129699707,5.35099983215332,5.369999885559082,15995000,"KLAC | yfinance | raw OHLC, not adjusted"
2013-05-14,5.377999782562256,5.447000026702881,5.353000164031982,5.445000171661377,15463000,"KLAC | yfinance | raw OHLC, not adjusted"
2013-05-15,5.425000190734863,5.545000076293945,5.410999774932861,5.505000114440918,16467000,"KLAC | yfinance | raw OHLC, not adjusted"
2013-05-16,5.526000022888184,5.568999767303467,5.499000072479248,5.520999908447266,24646000,"KLAC | yfinance | raw OHLC, not adjusted"
2013-05-17,5.547999858856201,5.5879998207092285,5.489999771118164,5.586999893188477,19483000,"KLAC | yfinance | raw OHLC, not adjusted"
2013-05-20,5.560999870300293,5.630000114440918,5.543000221252441,5.561999797821045,20798000,"KLAC | yfinance | raw OHLC, not adjusted"
2013-05-21,5.59499979019165,5.611999988555908,5.550000190734863,5.605999946594238,13623000,"KLAC | yfinance | raw OHLC, not adjusted"
2013-05-22,5.614999771118164,5.671999931335449,5.538000106811523,5.547999858856201,20338000,"KLAC | yfinance | raw OHLC, not adjusted"
2013-05-23,5.506999969482422,5.5370001792907715,5.436999797821045,5.49399995803833,23241000,"KLAC | yfinance | raw OHLC, not adjusted"
2013-05-24,5.447000026702881,5.5,5.434999942779541,5.4670000076293945,12726000,"KLAC | yfinance | raw OHLC, not adjusted"
2013-05-28,5.533999919891357,5.591000080108643,5.513999938964844,5.566999912261963,22132000,"KLAC | yfinance | raw OHLC, not adjusted"
2013-05-29,5.545000076293945,5.605000019073486,5.500999927520752,5.561999797821045,29505000,"KLAC | yfinance | raw OHLC, not adjusted"
2013-05-30,5.563000202178955,5.679999828338623,5.550000190734863,5.651000022888184,21026000,"KLAC | yfinance | raw OHLC, not adjusted"
2013-05-31,5.632999897003174,5.678999900817871,5.616000175476074,5.629000186920166,23725000,"KLAC | yfinance | raw OHLC, not adjusted"
2013-06-03,5.668000221252441,5.735000133514404,5.623000144958496,5.690000057220459,18497000,"KLAC | yfinance | raw OHLC, not adjusted"
2013-06-04,5.703999996185303,5.75600004196167,5.664000034332275,5.697999954223633,14853000,"KLAC | yfinance | raw OHLC, not adjusted"
2013-06-05,5.695000171661377,5.697999954223633,5.618000030517578,5.650000095367432,13126000,"KLAC | yfinance | raw OHLC, not adjusted"
2013-06-06,5.669000148773193,5.692999839782715,5.566999912261963,5.607999801635742,9710000,"KLAC | yfinance | raw OHLC, not adjusted"
2013-06-07,5.666999816894531,5.688000202178955,5.603000164031982,5.677000045776367,11916000,"KLAC | yfinance | raw OHLC, not adjusted"
2013-06-10,5.670000076293945,5.681000232696533,5.624000072479248,5.673999786376953,8681000,"KLAC | yfinance | raw OHLC, not adjusted"
2013-06-11,5.616000175476074,5.64900016784668,5.521999835968018,5.5279998779296875,11590000,"KLAC | yfinance | raw OHLC, not adjusted"
2013-06-12,5.610000133514404,5.610000133514404,5.508999824523926,5.51800012588501,20474000,"KLAC | yfinance | raw OHLC, not adjusted"
2013-06-13,5.533999919891357,5.683000087738037,5.502999782562256,5.660999774932861,13404000,"KLAC | yfinance | raw OHLC, not adjusted"
2013-06-14,5.65500020980835,5.664999961853027,5.570000171661377,5.571000099182129,11174000,"KLAC | yfinance | raw OHLC, not adjusted"
2013-06-17,5.609000205993652,5.65500020980835,5.576000213623047,5.5980000495910645,13214000,"KLAC | yfinance | raw OHLC, not adjusted"
2013-06-18,5.61899995803833,5.666999816894531,5.60099983215332,5.638999938964844,14534000,"KLAC | yfinance | raw OHLC, not adjusted"
2013-06-19,5.6020002365112305,5.688000202178955,5.572000026702881,5.620999813079834,16920000,"KLAC | yfinance | raw OHLC, not adjusted"
2013-06-20,5.554999828338623,5.586999893188477,5.421999931335449,5.442999839782715,17415000,"KLAC | yfinance | raw OHLC, not adjusted"
2013-06-21,5.468999862670898,5.506999969482422,5.4039998054504395,5.4770002365112305,27559000,"KLAC | yfinance | raw OHLC, not adjusted"
2013-06-24,5.451000213623047,5.460999965667725,5.3379998207092285,5.38100004196167,26067000,"KLAC | yfinance | raw OHLC, not adjusted"
2013-06-25,5.434999942779541,5.573999881744385,5.38100004196167,5.550000190734863,19684000,"KLAC | yfinance | raw OHLC, not adjusted"
2013-06-26,5.611000061035156,5.622000217437744,5.51200008392334,5.5329999923706055,16327000,"KLAC | yfinance | raw OHLC, not adjusted"
2013-06-27,5.584000110626221,5.64300012588501,5.550000190734863,5.557000160217285,17664000,"KLAC | yfinance | raw OHLC, not adjusted"
2013-06-28,5.519000053405762,5.663000106811523,5.5,5.572999954223633,23009000,"KLAC | yfinance | raw OHLC, not adjusted"
2013-07-01,5.618000030517578,5.645999908447266,5.51800012588501,5.5279998779296875,12391000,"KLAC | yfinance | raw OHLC, not adjusted"
2013-07-02,5.513000011444092,5.578000068664551,5.446000099182129,5.485000133514404,12504000,"KLAC | yfinance | raw OHLC, not adjusted"
2013-07-03,5.445000171661377,5.557000160217285,5.428999900817871,5.506999969482422,7162000,"KLAC | yfinance | raw OHLC, not adjusted"
2013-07-05,5.546999931335449,5.659999847412109,5.525000095367432,5.646999835968018,16760000,"KLAC | yfinance | raw OHLC, not adjusted"
2013-07-08,5.660999774932861,5.679999828338623,5.5289998054504395,5.548999786376953,19393000,"KLAC | yfinance | raw OHLC, not adjusted"
2013-07-09,5.613999843597412,5.8480000495910645,5.567999839782715,5.815000057220459,40901000,"KLAC | yfinance | raw OHLC, not adjusted"
2013-07-10,5.807000160217285,5.938000202178955,5.784999847412109,5.923999786376953,27056000,"KLAC | yfinance | raw OHLC, not adjusted"
2013-07-11,5.965000152587891,6.0,5.925000190734863,5.993000030517578,22267000,"KLAC | yfinance | raw OHLC, not adjusted"
2013-07-12,6.0,6.039999961853027,5.966000080108643,6.039000034332275,22263000,"KLAC | yfinance | raw OHLC, not adjusted"
2013-07-15,6.034999847412109,6.038000106811523,5.921999931335449,5.925000190734863,19010000,"KLAC | yfinance | raw OHLC, not adjusted"
2013-07-16,5.947999954223633,5.999000072479248,5.927999973297119,5.947999954223633,14417000,"KLAC | yfinance | raw OHLC, not adjusted"
2013-07-17,6.0,6.038000106811523,5.9770002365112305,6.015999794006348,13393000,"KLAC | yfinance | raw OHLC, not adjusted"
2013-07-18,6.0,6.046999931335449,5.947000026702881,6.01800012588501,14347000,"KLAC | yfinance | raw OHLC, not adjusted"
2013-07-19,6.041999816894531,6.073999881744385,6.000999927520752,6.063000202178955,18277000,"KLAC | yfinance | raw OHLC, not adjusted"
2013-07-22,6.068999767303467,6.093999862670898,5.993000030517578,6.031000137329102,12293000,"KLAC | yfinance | raw OHLC, not adjusted"
2013-07-23,6.054999828338623,6.077000141143799,6.00600004196167,6.01200008392334,9599000,"KLAC | yfinance | raw OHLC, not adjusted"
2013-07-24,6.034999847412109,6.072999954223633,5.927000045776367,5.945000171661377,14283000,"KLAC | yfinance | raw OHLC, not adjusted"
2013-07-25,5.994999885559082,6.0,5.929999828338623,5.979000091552734,20224000,"KLAC | yfinance | raw OHLC, not adjusted"
2013-07-26,5.857999801635742,5.919000148773193,5.794000148773193,5.877999782562256,27821000,"KLAC | yfinance | raw OHLC, not adjusted"
2013-07-29,5.866000175476074,5.868000030517578,5.758999824523926,5.776000022888184,25842000,"KLAC | yfinance | raw OHLC, not adjusted"
2013-07-30,5.785999774932861,5.86899995803833,5.785999774932861,5.8420000076293945,13441000,"KLAC | yfinance | raw OHLC, not adjusted"
2013-07-31,5.894000053405762,5.908999919891357,5.849999904632568,5.86299991607666,14676000,"KLAC | yfinance | raw OHLC, not adjusted"
2013-08-01,5.916999816894531,6.01800012588501,5.885000228881836,6.01200008392334,13800000,"KLAC | yfinance | raw OHLC, not adjusted"
2013-08-02,5.993000030517578,5.994999885559082,5.920000076293945,5.949999809265137,11574000,"KLAC | yfinance | raw OHLC, not adjusted"
2013-08-05,5.925000190734863,5.947000026702881,5.8379998207092285,5.864999771118164,11578000,"KLAC | yfinance | raw OHLC, not adjusted"
2013-08-06,5.861000061035156,5.888000011444092,5.828000068664551,5.836999893188477,8707000,"KLAC | yfinance | raw OHLC, not adjusted"
2013-08-07,5.84499979019165,5.85699987411499,5.789999961853027,5.841000080108643,9915000,"KLAC | yfinance | raw OHLC, not adjusted"
2013-08-08,5.866000175476074,5.889999866485596,5.770999908447266,5.8429999351501465,11499000,"KLAC | yfinance | raw OHLC, not adjusted"
2013-08-09,5.822999954223633,5.822999954223633,5.718999862670898,5.770999908447266,15784000,"KLAC | yfinance | raw OHLC, not adjusted"
2013-08-12,5.767000198364258,5.881999969482422,5.750999927520752,5.875,11974000,"KLAC | yfinance | raw OHLC, not adjusted"
2013-08-13,5.890999794006348,5.951000213623047,5.815000057220459,5.934999942779541,14405000,"KLAC | yfinance | raw OHLC, not adjusted"
2013-08-14,5.918000221252441,5.918000221252441,5.84499979019165,5.876999855041504,10059000,"KLAC | yfinance | raw OHLC, not adjusted"
2013-08-15,5.828999996185303,5.831999778747559,5.699999809265137,5.706999778747559,13817000,"KLAC | yfinance | raw OHLC, not adjusted"
2013-08-16,5.668000221252441,5.7220001220703125,5.627999782562256,5.6539998054504395,24738000,"KLAC | yfinance | raw OHLC, not adjusted"
2013-08-19,5.645999908447266,5.673999786376953,5.625999927520752,5.631999969482422,11098000,"KLAC | yfinance | raw OHLC, not adjusted"
2013-08-20,5.6479997634887695,5.671999931335449,5.568999767303467,5.635000228881836,15160000,"KLAC | yfinance | raw OHLC, not adjusted"
2013-08-21,5.642000198364258,5.6519999504089355,5.543000221252441,5.5879998207092285,10920000,"KLAC | yfinance | raw OHLC, not adjusted"
2013-08-22,5.61899995803833,5.684000015258789,5.604000091552734,5.64300012588501,10150000,"KLAC | yfinance | raw OHLC, not adjusted"
2013-08-23,5.656000137329102,5.676000118255615,5.603000164031982,5.666999816894531,7691000,"KLAC | yfinance | raw OHLC, not adjusted"
2013-08-26,5.681000232696533,5.697000026702881,5.63100004196167,5.639999866485596,7702000,"KLAC | yfinance | raw OHLC, not adjusted"
2013-08-27,5.540999889373779,5.5970001220703125,5.465000152587891,5.4670000076293945,13744000,"KLAC | yfinance | raw OHLC, not adjusted"
2013-08-28,5.480999946594238,5.526000022888184,5.46999979019165,5.485000133514404,9933000,"KLAC | yfinance | raw OHLC, not adjusted"
2013-08-29,5.485000133514404,5.563000202178955,5.46999979019165,5.533999919891357,6111000,"KLAC | yfinance | raw OHLC, not adjusted"
2013-08-30,5.565999984741211,5.586999893188477,5.489999771118164,5.514999866485596,8921000,"KLAC | yfinance | raw OHLC, not adjusted"
2013-09-03,5.579999923706055,5.64300012588501,5.511000156402588,5.538000106811523,12415000,"KLAC | yfinance | raw OHLC, not adjusted"
2013-09-04,5.5279998779296875,5.883999824523926,5.5279998779296875,5.8420000076293945,32394000,"KLAC | yfinance | raw OHLC, not adjusted"
2013-09-05,5.8460001945495605,5.86899995803833,5.7769999504089355,5.854000091552734,17764000,"KLAC | yfinance | raw OHLC, not adjusted"
2013-09-06,5.892000198364258,5.942999839782715,5.800000190734863,5.875999927520752,15458000,"KLAC | yfinance | raw OHLC, not adjusted"
2013-09-09,5.885000228881836,5.9120001792907715,5.8379998207092285,5.889999866485596,12721000,"KLAC | yfinance | raw OHLC, not adjusted"
2013-09-10,5.906000137329102,5.995999813079834,5.89900016784668,5.9629998207092285,16537000,"KLAC | yfinance | raw OHLC, not adjusted"
2013-09-11,5.939000129699707,6.0,5.906000137329102,5.9720001220703125,9052000,"KLAC | yfinance | raw OHLC, not adjusted"
2013-09-12,5.982999801635742,6.040999889373779,5.965000152587891,6.019999980926514,9481000,"KLAC | yfinance | raw OHLC, not adjusted"
2013-09-13,6.046000003814697,6.046999931335449,5.9670000076293945,6.0279998779296875,7939000,"KLAC | yfinance | raw OHLC, not adjusted"
2013-09-16,6.046999931335449,6.144999980926514,6.046000003814697,6.109000205993652,20330000,"KLAC | yfinance | raw OHLC, not adjusted"
2013-09-17,6.0970001220703125,6.179999828338623,6.0970001220703125,6.168000221252441,14399000,"KLAC | yfinance | raw OHLC, not adjusted"
2013-09-18,6.179999828338623,6.210999965667725,6.0929999351501465,6.201000213623047,9741000,"KLAC | yfinance | raw OHLC, not adjusted"
2013-09-19,6.210999965667725,6.244999885559082,6.131999969482422,6.176000118255615,9573000,"KLAC | yfinance | raw OHLC, not adjusted"
2013-09-20,6.183000087738037,6.206999778747559,6.117000102996826,6.125,16352000,"KLAC | yfinance | raw OHLC, not adjusted"
2013-09-23,6.13100004196167,6.166999816894531,6.086999893188477,6.126999855041504,9361000,"KLAC | yfinance | raw OHLC, not adjusted"
2013-09-24,6.14300012588501,6.150000095367432,6.084000110626221,6.113999843597412,22340000,"KLAC | yfinance | raw OHLC, not adjusted"
2013-09-25,6.144999980926514,6.195000171661377,6.116000175476074,6.1479997634887695,17470000,"KLAC | yfinance | raw OHLC, not adjusted"
2013-09-26,6.196000099182129,6.196000099182129,6.079999923706055,6.0960001945495605,13681000,"KLAC | yfinance | raw OHLC, not adjusted"
2013-09-27,6.074999809265137,6.1020002365112305,6.045000076293945,6.091000080108643,10379000,"KLAC | yfinance | raw OHLC, not adjusted"
2013-09-30,6.040999889373779,6.104000091552734,6.033999919891357,6.085000038146973,10870000,"KLAC | yfinance | raw OHLC, not adjusted"
2013-10-01,6.098999977111816,6.127999782562256,6.052999973297119,6.098999977111816,12515000,"KLAC | yfinance | raw OHLC, not adjusted"
2013-10-02,6.078000068664551,6.0970001220703125,6.013000011444092,6.09499979019165,10262000,"KLAC | yfinance | raw OHLC, not adjusted"
2013-10-03,6.080999851226807,6.103000164031982,5.979000091552734,6.041999816894531,12639000,"KLAC | yfinance | raw OHLC, not adjusted"
2013-10-04,6.046000003814697,6.098999977111816,5.995999813079834,6.079999923706055,14719000,"KLAC | yfinance | raw OHLC, not adjusted"
2013-10-07,6.026000022888184,6.11299991607666,5.994999885559082,6.076000213623047,7498000,"KLAC | yfinance | raw OHLC, not adjusted"
2013-10-08,6.089000225067139,6.10699987411499,5.9679999351501465,5.96999979019165,10435000,"KLAC | yfinance | raw OHLC, not adjusted"
2013-10-09,6.002999782562256,6.004000186920166,5.882999897003174,5.946000099182129,14145000,"KLAC | yfinance | raw OHLC, not adjusted"
2013-10-10,6.004000186920166,6.127999782562256,5.986000061035156,6.119999885559082,10732000,"KLAC | yfinance | raw OHLC, not adjusted"
2013-10-11,6.085000038146973,6.195000171661377,6.078000068664551,6.168000221252441,7721000,"KLAC | yfinance | raw OHLC, not adjusted"
2013-10-14,6.181000232696533,6.297999858856201,6.171000003814697,6.2870001792907715,9747000,"KLAC | yfinance | raw OHLC, not adjusted"
2013-10-15,6.239999771118164,6.269999980926514,6.191999912261963,6.195000171661377,11318000,"KLAC | yfinance | raw OHLC, not adjusted"
2013-10-16,6.209000110626221,6.296999931335449,6.176000118255615,6.2829999923706055,10827000,"KLAC | yfinance | raw OHLC, not adjusted"
2013-10-17,6.248000144958496,6.388999938964844,6.2129998207092285,6.388999938964844,11347000,"KLAC | yfinance | raw OHLC, not adjusted"
2013-10-18,6.392000198364258,6.48799991607666,6.353000164031982,6.446000099182129,17613000,"KLAC | yfinance | raw OHLC, not adjusted"
2013-10-21,6.464000225067139,6.482999801635742,6.413000106811523,6.442999839782715,11594000,"KLAC | yfinance | raw OHLC, not adjusted"
2013-10-22,6.484000205993652,6.525000095367432,6.445000171661377,6.48199987411499,14630000,"KLAC | yfinance | raw OHLC, not adjusted"
2013-10-23,6.4029998779296875,6.434000015258789,6.304999828338623,6.304999828338623,15231000,"KLAC | yfinance | raw OHLC, not adjusted"
2013-10-24,6.414999961853027,6.428999900817871,6.357999801635742,6.373000144958496,19267000,"KLAC | yfinance | raw OHLC, not adjusted"
2013-10-25,6.230000019073486,6.389999866485596,6.175000190734863,6.388000011444092,26340000,"KLAC | yfinance | raw OHLC, not adjusted"
2013-10-28,6.360000133514404,6.497000217437744,6.360000133514404,6.474999904632568,17183000,"KLAC | yfinance | raw OHLC, not adjusted"
2013-10-29,6.455999851226807,6.704999923706055,6.455999851226807,6.61899995803833,30539000,"KLAC | yfinance | raw OHLC, not adjusted"
2013-10-30,6.605999946594238,6.622000217437744,6.5279998779296875,6.581999778747559,16034000,"KLAC | yfinance | raw OHLC, not adjusted"
2013-10-31,6.5920000076293945,6.6539998054504395,6.559999942779541,6.559999942779541,13294000,"KLAC | yfinance | raw OHLC, not adjusted"
2013-11-01,6.589000225067139,6.590000152587891,6.428999900817871,6.488999843597412,13808000,"KLAC | yfinance | raw OHLC, not adjusted"
2013-11-04,6.486999988555908,6.488999843597412,6.40500020980835,6.447000026702881,14635000,"KLAC | yfinance | raw OHLC, not adjusted"
2013-11-05,6.35699987411499,6.461999893188477,6.35699987411499,6.396999835968018,15583000,"KLAC | yfinance | raw OHLC, not adjusted"
2013-11-06,6.460000038146973,6.4770002365112305,6.4029998779296875,6.465000152587891,9258000,"KLAC | yfinance | raw OHLC, not adjusted"
2013-11-07,6.443999767303467,6.485000133514404,6.368000030517578,6.386000156402588,12289000,"KLAC | yfinance | raw OHLC, not adjusted"
2013-11-08,6.39900016784668,6.480000019073486,6.353000164031982,6.480000019073486,8169000,"KLAC | yfinance | raw OHLC, not adjusted"
2013-11-11,6.380000114440918,6.390999794006348,6.236000061035156,6.2779998779296875,19503000,"KLAC | yfinance | raw OHLC, not adjusted"
2013-11-12,6.214000225067139,6.340000152587891,6.214000225067139,6.331999778747559,9894000,"KLAC | yfinance | raw OHLC, not adjusted"
2013-11-13,6.2829999923706055,6.39300012588501,6.257999897003174,6.39300012588501,10310000,"KLAC | yfinance | raw OHLC, not adjusted"
2013-11-14,6.34499979019165,6.349999904632568,6.25600004196167,6.263000011444092,10562000,"KLAC | yfinance | raw OHLC, not adjusted"
2013-11-15,6.271999835968018,6.359000205993652,6.182000160217285,6.353000164031982,19125000,"KLAC | yfinance | raw OHLC, not adjusted"
2013-11-18,6.363999843597412,6.370999813079834,6.27400016784668,6.288000106811523,9431000,"KLAC | yfinance | raw OHLC, not adjusted"
2013-11-19,6.23799991607666,6.2870001792907715,6.183000087738037,6.202000141143799,11984000,"KLAC | yfinance | raw OHLC, not adjusted"
2013-11-20,6.24399995803833,6.261000156402588,6.1570000648498535,6.186999797821045,8381000,"KLAC | yfinance | raw OHLC, not adjusted"
2013-11-21,6.229000091552734,6.366000175476074,6.197999954223633,6.341000080108643,9847000,"KLAC | yfinance | raw OHLC, not adjusted"
2013-11-22,6.372000217437744,6.3979997634887695,6.333000183105469,6.348999977111816,12094000,"KLAC | yfinance | raw OHLC, not adjusted"
2013-11-25,6.3520002365112305,6.366000175476074,6.317999839782715,6.3460001945495605,8642000,"KLAC | yfinance | raw OHLC, not adjusted"
2013-11-26,6.368000030517578,6.4679999351501465,6.3480000495910645,6.445000171661377,8948000,"KLAC | yfinance | raw OHLC, not adjusted"
2013-11-27,6.409999847412109,6.460000038146973,6.375,6.4029998779296875,11102000,"KLAC | yfinance | raw OHLC, not adjusted"
2013-11-29,6.389999866485596,6.451000213623047,6.386000156402588,6.38700008392334,3859000,"KLAC | yfinance | raw OHLC, not adjusted"
2013-12-02,6.360000133514404,6.429999828338623,6.3520002365112305,6.364999771118164,8561000,"KLAC | yfinance | raw OHLC, not adjusted"
2013-12-03,6.335000038146973,6.447999954223633,6.322999954223633,6.366000175476074,9651000,"KLAC | yfinance | raw OHLC, not adjusted"
2013-12-04,6.335999965667725,6.374000072479248,6.050000190734863,6.192999839782715,37808000,"KLAC | yfinance | raw OHLC, not adjusted"
2013-12-05,6.198999881744385,6.230000019073486,6.1519999504089355,6.181000232696533,16753000,"KLAC | yfinance | raw OHLC, not adjusted"
2013-12-06,6.256999969482422,6.304999828338623,6.228000164031982,6.264999866485596,10333000,"KLAC | yfinance | raw OHLC, not adjusted"
2013-12-09,6.26200008392334,6.296999931335449,6.241000175476074,6.2779998779296875,10810000,"KLAC | yfinance | raw OHLC, not adjusted"
2013-12-10,6.270999908447266,6.2870001792907715,6.197999954223633,6.236999988555908,9042000,"KLAC | yfinance | raw OHLC, not adjusted"
2013-12-11,6.255000114440918,6.2779998779296875,6.195000171661377,6.197000026702881,7948000,"KLAC | yfinance | raw OHLC, not adjusted"
2013-12-12,6.172999858856201,6.2129998207092285,6.054999828338623,6.0920000076293945,15893000,"KLAC | yfinance | raw OHLC, not adjusted"
2013-12-13,6.125999927520752,6.14900016784668,6.084000110626221,6.118000030517578,9054000,"KLAC | yfinance | raw OHLC, not adjusted"
2013-12-16,6.179999828338623,6.199999809265137,6.085000038146973,6.09499979019165,13753000,"KLAC | yfinance | raw OHLC, not adjusted"
2013-12-17,6.099999904632568,6.210000038146973,6.067999839782715,6.193999767303467,10633000,"KLAC | yfinance | raw OHLC, not adjusted"
2013-12-18,6.210000038146973,6.271999835968018,6.117000102996826,6.269999980926514,11967000,"KLAC | yfinance | raw OHLC, not adjusted"
2013-12-19,6.264999866485596,6.275000095367432,6.195000171661377,6.269999980926514,6708000,"KLAC | yfinance | raw OHLC, not adjusted"
2013-12-20,6.269999980926514,6.3460001945495605,6.249000072479248,6.311999797821045,16959000,"KLAC | yfinance | raw OHLC, not adjusted"
2013-12-23,6.3420000076293945,6.396999835968018,6.322000026702881,6.385000228881836,6139000,"KLAC | yfinance | raw OHLC, not adjusted"
2013-12-24,6.368000030517578,6.415999889373779,6.368000030517578,6.4039998054504395,3160000,"KLAC | yfinance | raw OHLC, not adjusted"
2013-12-26,6.413000106811523,6.427999973297119,6.383999824523926,6.4120001792907715,4415000,"KLAC | yfinance | raw OHLC, not adjusted"
2013-12-27,6.427999973297119,6.439000129699707,6.374000072479248,6.406000137329102,5841000,"KLAC | yfinance | raw OHLC, not adjusted"
2013-12-30,6.394999980926514,6.429999828338623,6.363999843597412,6.420000076293945,5404000,"KLAC | yfinance | raw OHLC, not adjusted"
2013-12-31,6.448999881744385,6.465000152587891,6.414999961853027,6.446000099182129,5992000,"KLAC | yfinance | raw OHLC, not adjusted"
2014-01-02,6.400000095367432,6.410999774932861,6.313000202178955,6.3379998207092285,9827000,"KLAC | yfinance | raw OHLC, not adjusted"
2014-01-03,6.335999965667725,6.390999794006348,6.309000015258789,6.3470001220703125,7660000,"KLAC | yfinance | raw OHLC, not adjusted"
2014-01-06,6.3420000076293945,6.3420000076293945,6.2230000495910645,6.236000061035156,10676000,"KLAC | yfinance | raw OHLC, not adjusted"
2014-01-07,6.24399995803833,6.2779998779296875,6.208000183105469,6.232999801635742,18999000,"KLAC | yfinance | raw OHLC, not adjusted"
2014-01-08,6.256999969482422,6.276000022888184,6.197999954223633,6.230000019073486,14446000,"KLAC | yfinance | raw OHLC, not adjusted"
2014-01-09,6.25,6.349999904632568,6.224999904632568,6.249000072479248,19170000,"KLAC | yfinance | raw OHLC, not adjusted"
2014-01-10,6.2779998779296875,6.377999782562256,6.223999977111816,6.361999988555908,9969000,"KLAC | yfinance | raw OHLC, not adjusted"
2014-01-13,6.396999835968018,6.400000095367432,6.2170000076293945,6.230999946594238,13078000,"KLAC | yfinance | raw OHLC, not adjusted"
2014-01-14,6.24399995803833,6.429999828338623,6.242000102996826,6.386000156402588,18025000,"KLAC | yfinance | raw OHLC, not adjusted"
2014-01-15,6.375,6.421999931335449,6.360000133514404,6.388000011444092,16049000,"KLAC | yfinance | raw OHLC, not adjusted"
2014-01-16,6.340000152587891,6.372000217437744,6.275000095367432,6.306000232696533,10659000,"KLAC | yfinance | raw OHLC, not adjusted"
2014-01-17,6.2829999923706055,6.300000190734863,6.234000205993652,6.27400016784668,14461000,"KLAC | yfinance | raw OHLC, not adjusted"
2014-01-21,6.322000026702881,6.327000141143799,6.232999801635742,6.24399995803833,11013000,"KLAC | yfinance | raw OHLC, not adjusted"
2014-01-22,6.25600004196167,6.379000186920166,6.252999782562256,6.366000175476074,16399000,"KLAC | yfinance | raw OHLC, not adjusted"
2014-01-23,6.340000152587891,6.382999897003174,6.276000022888184,6.353000164031982,18725000,"KLAC | yfinance | raw OHLC, not adjusted"
2014-01-24,6.3470001220703125,6.3470001220703125,6.15500020980835,6.206999778747559,24999000,"KLAC | yfinance | raw OHLC, not adjusted"
2014-01-27,6.2220001220703125,6.236999988555908,6.118000030517578,6.170000076293945,13927000,"KLAC | yfinance | raw OHLC, not adjusted"
2014-01-28,6.169000148773193,6.230000019073486,6.119999885559082,6.160999774932861,18118000,"KLAC | yfinance | raw OHLC, not adjusted"
2014-01-29,6.144000053405762,6.191999912261963,6.11299991607666,6.1519999504089355,13893000,"KLAC | yfinance | raw OHLC, not adjusted"
2014-01-30,6.214000225067139,6.236999988555908,6.125,6.168000221252441,14981000,"KLAC | yfinance | raw OHLC, not adjusted"
2014-01-31,6.068999767303467,6.165999889373779,6.061999797821045,6.146999835968018,16384000,"KLAC | yfinance | raw OHLC, not adjusted"
2014-02-03,6.0229997634887695,6.0920000076293945,5.951000213623047,5.9730000495910645,20065000,"KLAC | yfinance | raw OHLC, not adjusted"
2014-02-04,6.0,6.035999774932861,5.943999767303467,6.0289998054504395,16695000,"KLAC | yfinance | raw OHLC, not adjusted"
2014-02-05,6.015999794006348,6.136000156402588,5.985000133514404,6.0929999351501465,15566000,"KLAC | yfinance | raw OHLC, not adjusted"
2014-02-06,6.091000080108643,6.263999938964844,6.090000152587891,6.183000087738037,17430000,"KLAC | yfinance | raw OHLC, not adjusted"
2014-02-07,6.201000213623047,6.236000061035156,6.151000022888184,6.223999977111816,8931000,"KLAC | yfinance | raw OHLC, not adjusted"
2014-02-10,6.201000213623047,6.23799991607666,6.188000202178955,6.232999801635742,9241000,"KLAC | yfinance | raw OHLC, not adjusted"
2014-02-11,6.22599983215332,6.379000186920166,6.22599983215332,6.361000061035156,10701000,"KLAC | yfinance | raw OHLC, not adjusted"
2014-02-12,6.348999977111816,6.419000148773193,6.3470001220703125,6.379000186920166,11237000,"KLAC | yfinance | raw OHLC, not adjusted"
2014-02-13,6.2729997634887695,6.445000171661377,6.263999938964844,6.443999767303467,12875000,"KLAC | yfinance | raw OHLC, not adjusted"
2014-02-14,6.409999847412109,6.544000148773193,6.409999847412109,6.5279998779296875,14110000,"KLAC | yfinance | raw OHLC, not adjusted"
2014-02-18,6.521999835968018,6.548999786376953,6.442999839782715,6.448999881744385,13503000,"KLAC | yfinance | raw OHLC, not adjusted"
2014-02-19,6.440000057220459,6.468999862670898,6.4070000648498535,6.440000057220459,14328000,"KLAC | yfinance | raw OHLC, not adjusted"
2014-02-20,6.460000038146973,6.497000217437744,6.435999870300293,6.465000152587891,11546000,"KLAC | yfinance | raw OHLC, not adjusted"
2014-02-21,6.49399995803833,6.564000129699707,6.451000213623047,6.497000217437744,16397000,"KLAC | yfinance | raw OHLC, not adjusted"
2014-02-24,6.550000190734863,6.603000164031982,6.504000186920166,6.534999847412109,9854000,"KLAC | yfinance | raw OHLC, not adjusted"
2014-02-25,6.534999847412109,6.546000003814697,6.464000225067139,6.5269999504089355,10791000,"KLAC | yfinance | raw OHLC, not adjusted"
2014-02-26,6.554999828338623,6.611999988555908,6.505000114440918,6.52400016784668,8708000,"KLAC | yfinance | raw OHLC, not adjusted"
2014-02-27,6.506999969482422,6.535999774932861,6.449999809265137,6.497000217437744,8720000,"KLAC | yfinance | raw OHLC, not adjusted"
2014-02-28,6.51200008392334,6.558000087738037,6.456999778747559,6.514999866485596,11586000,"KLAC | yfinance | raw OHLC, not adjusted"
2014-03-03,6.446000099182129,6.482999801635742,6.389999866485596,6.432000160217285,7581000,"KLAC | yfinance | raw OHLC, not adjusted"
2014-03-04,6.50600004196167,6.561999797821045,6.4720001220703125,6.521999835968018,10969000,"KLAC | yfinance | raw OHLC, not adjusted"
2014-03-05,6.5289998054504395,6.556000232696533,6.48799991607666,6.546000003814697,6023000,"KLAC | yfinance | raw OHLC, not adjusted"
2014-03-06,6.544000148773193,6.624000072479248,6.5289998054504395,6.61299991607666,8309000,"KLAC | yfinance | raw OHLC, not adjusted"
2014-03-07,6.642000198364258,6.716000080108643,6.611999988555908,6.684999942779541,13142000,"KLAC | yfinance | raw OHLC, not adjusted"
2014-03-10,6.693999767303467,6.7129998207092285,6.591000080108643,6.613999843597412,11685000,"KLAC | yfinance | raw OHLC, not adjusted"
2014-03-11,6.6529998779296875,6.75,6.59499979019165,6.63700008392334,12073000,"KLAC | yfinance | raw OHLC, not adjusted"
2014-03-12,6.584000110626221,6.767000198364258,6.578999996185303,6.763000011444092,17679000,"KLAC | yfinance | raw OHLC, not adjusted"
2014-03-13,6.763000011444092,6.781000137329102,6.640999794006348,6.675000190734863,21310000,"KLAC | yfinance | raw OHLC, not adjusted"
2014-03-14,6.645999908447266,6.7220001220703125,6.645999908447266,6.688000202178955,14294000,"KLAC | yfinance | raw OHLC, not adjusted"
2014-03-17,6.7129998207092285,6.7829999923706055,6.701000213623047,6.7779998779296875,16368000,"KLAC | yfinance | raw OHLC, not adjusted"
2014-03-18,6.756999969482422,6.864999771118164,6.752999782562256,6.855000019073486,12100000,"KLAC | yfinance | raw OHLC, not adjusted"
2014-03-19,6.867000102996826,6.913000106811523,6.808000087738037,6.860000133514404,12772000,"KLAC | yfinance | raw OHLC, not adjusted"
2014-03-20,6.808000087738037,6.995999813079834,6.796000003814697,6.99399995803833,17913000,"KLAC | yfinance | raw OHLC, not adjusted"
2014-03-21,7.073999881744385,7.077000141143799,6.97599983215332,7.001999855041504,24013000,"KLAC | yfinance | raw OHLC, not adjusted"
2014-03-24,7.033999919891357,7.054999828338623,6.926000118255615,6.958000183105469,18902000,"KLAC | yfinance | raw OHLC, not adjusted"
2014-03-25,6.980999946594238,7.0,6.935999870300293,6.980999946594238,13544000,"KLAC | yfinance | raw OHLC, not adjusted"
2014-03-26,7.026000022888184,7.078000068664551,6.896999835968018,6.89900016784668,13667000,"KLAC | yfinance | raw OHLC, not adjusted"
2014-03-27,6.9029998779296875,6.9029998779296875,6.822000026702881,6.849999904632568,13993000,"KLAC | yfinance | raw OHLC, not adjusted"
2014-03-28,6.866000175476074,6.98199987411499,6.8429999351501465,6.875,8106000,"KLAC | yfinance | raw OHLC, not adjusted"
2014-03-31,6.906000137329102,6.985000133514404,6.886000156402588,6.914000034332275,11716000,"KLAC | yfinance | raw OHLC, not adjusted"
2014-04-01,6.955999851226807,7.004000186920166,6.9070000648498535,7.001999855041504,12803000,"KLAC | yfinance | raw OHLC, not adjusted"
2014-04-02,7.025000095367432,7.09499979019165,6.973999977111816,7.089000225067139,16979000,"KLAC | yfinance | raw OHLC, not adjusted"
2014-04-03,7.052999973297119,7.192999839782715,7.052999973297119,7.122000217437744,16508000,"KLAC | yfinance | raw OHLC, not adjusted"
2014-04-04,7.158999919891357,7.164999961853027,6.916999816894531,6.940000057220459,24160000,"KLAC | yfinance | raw OHLC, not adjusted"
2014-04-07,6.939000129699707,6.939000129699707,6.804999828338623,6.88100004196167,25623000,"KLAC | yfinance | raw OHLC, not adjusted"
2014-04-08,6.830999851226807,6.853000164031982,6.761000156402588,6.802999973297119,17115000,"KLAC | yfinance | raw OHLC, not adjusted"
2014-04-09,6.835999965667725,6.895999908447266,6.770999908447266,6.88700008392334,10801000,"KLAC | yfinance | raw OHLC, not adjusted"
2014-04-10,6.89900016784668,6.9019999504089355,6.65500020980835,6.668000221252441,18099000,"KLAC | yfinance | raw OHLC, not adjusted"
2014-04-11,6.61299991607666,6.686999797821045,6.5329999923706055,6.550000190734863,20640000,"KLAC | yfinance | raw OHLC, not adjusted"
2014-04-14,6.60099983215332,6.6479997634887695,6.531000137329102,6.591000080108643,11622000,"KLAC | yfinance | raw OHLC, not adjusted"
2014-04-15,6.599999904632568,6.63700008392334,6.501999855041504,6.614999771118164,12296000,"KLAC | yfinance | raw OHLC, not adjusted"
2014-04-16,6.501999855041504,6.578000068664551,6.395999908447266,6.578000068664551,19237000,"KLAC | yfinance | raw OHLC, not adjusted"
2014-04-17,6.560999870300293,6.663000106811523,6.559000015258789,6.611000061035156,12937000,"KLAC | yfinance | raw OHLC, not adjusted"
2014-04-21,6.6579999923706055,6.684000015258789,6.5920000076293945,6.639999866485596,7082000,"KLAC | yfinance | raw OHLC, not adjusted"
2014-04-22,6.613999843597412,6.702000141143799,6.591000080108643,6.676000118255615,9263000,"KLAC | yfinance | raw OHLC, not adjusted"
2014-04-23,6.658999919891357,6.711999893188477,6.63100004196167,6.671999931335449,15535000,"KLAC | yfinance | raw OHLC, not adjusted"
2014-04-24,6.802000045776367,6.859000205993652,6.650000095367432,6.77400016784668,24633000,"KLAC | yfinance | raw OHLC, not adjusted"
2014-04-25,6.300000190734863,6.5,6.258999824523926,6.290999889373779,44794000,"KLAC | yfinance | raw OHLC, not adjusted"
2014-04-28,6.328999996185303,6.380000114440918,6.2170000076293945,6.34499979019165,22450000,"KLAC | yfinance | raw OHLC, not adjusted"
2014-04-29,6.394000053405762,6.493000030517578,6.341000080108643,6.427000045776367,25343000,"KLAC | yfinance | raw OHLC, not adjusted"
2014-04-30,6.409999847412109,6.48799991607666,6.381999969482422,6.39900016784668,30108000,"KLAC | yfinance | raw OHLC, not adjusted"
2014-05-01,6.39900016784668,6.431000232696533,6.275000095367432,6.291999816894531,23992000,"KLAC | yfinance | raw OHLC, not adjusted"
2014-05-02,6.304999828338623,6.355999946594238,6.275000095367432,6.320000171661377,10726000,"KLAC | yfinance | raw OHLC, not adjusted"
2014-05-05,6.251999855041504,6.311999797821045,6.247000217437744,6.270999908447266,12153000,"KLAC | yfinance | raw OHLC, not adjusted"
2014-05-06,6.2820000648498535,6.284999847412109,6.205999851226807,6.230000019073486,10035000,"KLAC | yfinance | raw OHLC, not adjusted"
2014-05-07,6.229000091552734,6.293000221252441,6.193999767303467,6.289999961853027,14281000,"KLAC | yfinance | raw OHLC, not adjusted"
2014-05-08,6.243000030517578,6.383999824523926,6.239999771118164,6.258999824523926,11948000,"KLAC | yfinance | raw OHLC, not adjusted"
2014-05-09,6.24399995803833,6.322999954223633,6.198999881744385,6.310999870300293,11174000,"KLAC | yfinance | raw OHLC, not adjusted"
2014-05-12,6.349999904632568,6.445000171661377,6.333000183105469,6.4120001792907715,10704000,"KLAC | yfinance | raw OHLC, not adjusted"
2014-05-13,6.421000003814697,6.427999973297119,6.302999973297119,6.309999942779541,15278000,"KLAC | yfinance | raw OHLC, not adjusted"
2014-05-14,6.234000205993652,6.334000110626221,6.234000205993652,6.298999786376953,9863000,"KLAC | yfinance | raw OHLC, not adjusted"
2014-05-15,6.250999927520752,6.25600004196167,6.14300012588501,6.23799991607666,14550000,"KLAC | yfinance | raw OHLC, not adjusted"
2014-05-16,6.211999893188477,6.36299991607666,6.211999893188477,6.315000057220459,15519000,"KLAC | yfinance | raw OHLC, not adjusted"
2014-05-19,6.300000190734863,6.3979997634887695,6.300000190734863,6.367000102996826,10815000,"KLAC | yfinance | raw OHLC, not adjusted"
2014-05-20,6.375999927520752,6.380000114440918,6.297999858856201,6.322000026702881,10455000,"KLAC | yfinance | raw OHLC, not adjusted"
2014-05-21,6.3520002365112305,6.38700008392334,6.322000026702881,6.355999946594238,6039000,"KLAC | yfinance | raw OHLC, not adjusted"
2014-05-22,6.372000217437744,6.40500020980835,6.34499979019165,6.363999843597412,8269000,"KLAC | yfinance | raw OHLC, not adjusted"
2014-05-23,6.389999866485596,6.429999828338623,6.367000102996826,6.418000221252441,8864000,"KLAC | yfinance | raw OHLC, not adjusted"
2014-05-27,6.439000129699707,6.52400016784668,6.410999774932861,6.52400016784668,11843000,"KLAC | yfinance | raw OHLC, not adjusted"
2014-05-28,6.541999816894531,6.552000045776367,6.480000019073486,6.541999816894531,10620000,"KLAC | yfinance | raw OHLC, not adjusted"
2014-05-29,6.547999858856201,6.571000099182129,6.504000186920166,6.565000057220459,11721000,"KLAC | yfinance | raw OHLC, not adjusted"
2014-05-30,6.574999809265137,6.5879998207092285,6.514999866485596,6.552000045776367,7673000,"KLAC | yfinance | raw OHLC, not adjusted"
2014-06-02,6.572999954223633,6.613999843597412,6.525000095367432,6.558000087738037,5617000,"KLAC | yfinance | raw OHLC, not adjusted"
2014-06-03,6.517000198364258,6.611000061035156,6.517000198364258,6.585000038146973,10329000,"KLAC | yfinance | raw OHLC, not adjusted"
2014-06-04,6.570000171661377,6.636000156402588,6.566999912261963,6.625,10880000,"KLAC | yfinance | raw OHLC, not adjusted"
2014-06-05,6.620999813079834,6.670000076293945,6.578999996185303,6.644999980926514,9697000,"KLAC | yfinance | raw OHLC, not adjusted"
2014-06-06,6.692999839782715,6.699999809265137,6.658999919891357,6.697000026702881,6661000,"KLAC | yfinance | raw OHLC, not adjusted"
2014-06-09,6.699999809265137,6.807000160217285,6.697999954223633,6.802000045776367,12877000,"KLAC | yfinance | raw OHLC, not adjusted"
2014-06-10,6.810999870300293,6.824999809265137,6.742000102996826,6.810999870300293,10207000,"KLAC | yfinance | raw OHLC, not adjusted"
2014-06-11,6.72599983215332,6.860000133514404,6.72599983215332,6.811999797821045,8878000,"KLAC | yfinance | raw OHLC, not adjusted"
2014-06-12,6.793000221252441,6.849999904632568,6.764999866485596,6.784999847412109,15274000,"KLAC | yfinance | raw OHLC, not adjusted"
2014-06-13,6.826000213623047,6.874000072479248,6.796999931335449,6.85699987411499,7917000,"KLAC | yfinance | raw OHLC, not adjusted"
2014-06-16,6.795000076293945,6.900000095367432,6.795000076293945,6.869999885559082,5741000,"KLAC | yfinance | raw OHLC, not adjusted"
2014-06-17,6.8460001945495605,6.928999900817871,6.840000152587891,6.914000034332275,6979000,"KLAC | yfinance | raw OHLC, not adjusted"
2014-06-18,6.922999858856201,6.929999828338623,6.818999767303467,6.9039998054504395,7080000,"KLAC | yfinance | raw OHLC, not adjusted"
2014-06-19,6.9079999923706055,6.927999973297119,6.822000026702881,6.892000198364258,10101000,"KLAC | yfinance | raw OHLC, not adjusted"
2014-06-20,6.920000076293945,7.001999855041504,6.9070000648498535,7.0,19638000,"KLAC | yfinance | raw OHLC, not adjusted"
2014-06-23,7.0,7.034999847412109,6.9730000495910645,7.031000137329102,9563000,"KLAC | yfinance | raw OHLC, not adjusted"
2014-06-24,7.0,7.031000137329102,6.927999973297119,6.943999767303467,14064000,"KLAC | yfinance | raw OHLC, not adjusted"
2014-06-25,6.9670000076293945,6.992000102996826,6.896999835968018,6.980000019073486,14836000,"KLAC | yfinance | raw OHLC, not adjusted"
2014-06-26,6.980000019073486,6.995999813079834,6.914000034332275,6.995999813079834,11503000,"KLAC | yfinance | raw OHLC, not adjusted"
2014-06-27,7.0,7.117000102996826,6.9730000495910645,7.0970001220703125,42513000,"KLAC | yfinance | raw OHLC, not adjusted"
2014-06-30,7.196000099182129,7.2779998779296875,7.14900016784668,7.263999938964844,19719000,"KLAC | yfinance | raw OHLC, not adjusted"
2014-07-01,7.2729997634887695,7.359000205993652,7.250999927520752,7.307000160217285,18104000,"KLAC | yfinance | raw OHLC, not adjusted"
2014-07-02,7.2779998779296875,7.34499979019165,7.27400016784668,7.323999881744385,17560000,"KLAC | yfinance | raw OHLC, not adjusted"
2014-07-03,7.36299991607666,7.46999979019165,7.3460001945495605,7.461999893188477,15096000,"KLAC | yfinance | raw OHLC, not adjusted"
2014-07-07,7.4730000495910645,7.506999969482422,7.382999897003174,7.4029998779296875,25107000,"KLAC | yfinance | raw OHLC, not adjusted"
2014-07-08,7.431000232696533,7.494999885559082,7.290999889373779,7.408999919891357,40825000,"KLAC | yfinance | raw OHLC, not adjusted"
2014-07-09,7.40500020980835,7.500999927520752,7.368000030517578,7.486000061035156,29314000,"KLAC | yfinance | raw OHLC, not adjusted"
2014-07-10,7.376999855041504,7.539999961853027,7.370999813079834,7.4720001220703125,20340000,"KLAC | yfinance | raw OHLC, not adjusted"
2014-07-11,7.486000061035156,7.486000061035156,7.421999931335449,7.460999965667725,9095000,"KLAC | yfinance | raw OHLC, not adjusted"
2014-07-14,7.521999835968018,7.5269999504089355,7.460999965667725,7.489999771118164,10372000,"KLAC | yfinance | raw OHLC, not adjusted"
2014-07-15,7.478000164031982,7.513999938964844,7.386000156402588,7.422999858856201,17735000,"KLAC | yfinance | raw OHLC, not adjusted"
2014-07-16,7.435999870300293,7.538000106811523,7.385000228881836,7.4120001792907715,29680000,"KLAC | yfinance | raw OHLC, not adjusted"
2014-07-17,7.376999855041504,7.453999996185303,7.354000091552734,7.401000022888184,22661000,"KLAC | yfinance | raw OHLC, not adjusted"
2014-07-18,7.425000190734863,7.479000091552734,7.396999835968018,7.449999809265137,9691000,"KLAC | yfinance | raw OHLC, not adjusted"
2014-07-21,7.3979997634887695,7.489999771118164,7.395999908447266,7.461999893188477,7701000,"KLAC | yfinance | raw OHLC, not adjusted"
2014-07-22,7.480999946594238,7.5,7.440999984741211,7.452000141143799,13495000,"KLAC | yfinance | raw OHLC, not adjusted"
2014-07-23,7.4629998207092285,7.4629998207092285,7.308000087738037,7.326000213623047,26460000,"KLAC | yfinance | raw OHLC, not adjusted"
2014-07-24,7.3460001945495605,7.388999938964844,7.281000137329102,7.302000045776367,22819000,"KLAC | yfinance | raw OHLC, not adjusted"
2014-07-25,7.038000106811523,7.234000205993652,7.010000228881836,7.159999847412109,49683000,"KLAC | yfinance | raw OHLC, not adjusted"
2014-07-28,7.1519999504089355,7.205999851226807,7.072999954223633,7.183000087738037,16119000,"KLAC | yfinance | raw OHLC, not adjusted"
2014-07-29,7.206999778747559,7.252999782562256,7.13100004196167,7.139999866485596,13298000,"KLAC | yfinance | raw OHLC, not adjusted"
2014-07-30,7.209000110626221,7.238999843597412,7.138000011444092,7.189000129699707,12202000,"KLAC | yfinance | raw OHLC, not adjusted"
2014-07-31,7.15500020980835,7.190999984741211,7.10699987411499,7.14900016784668,15838000,"KLAC | yfinance | raw OHLC, not adjusted"
2014-08-01,7.13700008392334,7.211999893188477,7.120999813079834,7.163000106811523,13811000,"KLAC | yfinance | raw OHLC, not adjusted"
2014-08-04,7.140999794006348,7.239999771118164,7.136000156402588,7.2170000076293945,12653000,"KLAC | yfinance | raw OHLC, not adjusted"
2014-08-05,7.1539998054504395,7.228000164031982,7.130000114440918,7.159999847412109,17656000,"KLAC | yfinance | raw OHLC, not adjusted"
2014-08-06,7.091000080108643,7.236999988555908,7.091000080108643,7.188000202178955,13070000,"KLAC | yfinance | raw OHLC, not adjusted"
2014-08-07,7.230000019073486,7.230000019073486,7.132999897003174,7.163000106811523,15407000,"KLAC | yfinance | raw OHLC, not adjusted"
2014-08-08,7.171999931335449,7.239999771118164,7.1519999504089355,7.234000205993652,9895000,"KLAC | yfinance | raw OHLC, not adjusted"
2014-08-11,7.24399995803833,7.3429999351501465,7.239999771118164,7.260000228881836,9741000,"KLAC | yfinance | raw OHLC, not adjusted"
2014-08-12,7.23199987411499,7.297999858856201,7.2210001945495605,7.2820000648498535,10802000,"KLAC | yfinance | raw OHLC, not adjusted"
2014-08-13,7.284999847412109,7.328999996185303,7.265999794006348,7.293000221252441,12647000,"KLAC | yfinance | raw OHLC, not adjusted"
2014-08-14,7.245999813079834,7.310999870300293,7.2270002365112305,7.303999900817871,8035000,"KLAC | yfinance | raw OHLC, not adjusted"
2014-08-15,7.333000183105469,7.440999984741211,7.324999809265137,7.4070000648498535,15638000,"KLAC | yfinance | raw OHLC, not adjusted"
2014-08-18,7.443999767303467,7.452000141143799,7.388000011444092,7.436999797821045,9891000,"KLAC | yfinance | raw OHLC, not adjusted"
2014-08-19,7.429999828338623,7.506999969482422,7.232999801635742,7.495999813079834,7082000,"KLAC | yfinance | raw OHLC, not adjusted"
2014-08-20,7.4679999351501465,7.507999897003174,7.447999954223633,7.46999979019165,6945000,"KLAC | yfinance | raw OHLC, not adjusted"
2014-08-21,7.485000133514404,7.53000020980835,7.460000038146973,7.513999938964844,5769000,"KLAC | yfinance | raw OHLC, not adjusted"
2014-08-22,7.514999866485596,7.548999786376953,7.485000133514404,7.498000144958496,6031000,"KLAC | yfinance | raw OHLC, not adjusted"
2014-08-25,7.53000020980835,7.565999984741211,7.519999980926514,7.551000118255615,7497000,"KLAC | yfinance | raw OHLC, not adjusted"
2014-08-26,7.572999954223633,7.609000205993652,7.551000118255615,7.5970001220703125,12034000,"KLAC | yfinance | raw OHLC, not adjusted"
2014-08-27,7.584000110626221,7.644999980926514,7.584000110626221,7.64300012588501,9166000,"KLAC | yfinance | raw OHLC, not adjusted"
2014-08-28,7.626999855041504,7.644000053405762,7.5929999351501465,7.632999897003174,7945000,"KLAC | yfinance | raw OHLC, not adjusted"
2014-08-29,7.664000034332275,7.672999858856201,7.616000175476074,7.642000198364258,8315000,"KLAC | yfinance | raw OHLC, not adjusted"
2014-09-02,7.6539998054504395,7.730000019073486,7.646999835968018,7.715000152587891,13286000,"KLAC | yfinance | raw OHLC, not adjusted"
2014-09-03,7.7270002365112305,7.790999889373779,7.708000183105469,7.771999835968018,11449000,"KLAC | yfinance | raw OHLC, not adjusted"
2014-09-04,7.771999835968018,7.814000129699707,7.734000205993652,7.760000228881836,15320000,"KLAC | yfinance | raw OHLC, not adjusted"
2014-09-05,7.744999885559082,7.833000183105469,7.739999771118164,7.830999851226807,12743000,"KLAC | yfinance | raw OHLC, not adjusted"
2014-09-08,7.830999851226807,7.9019999504089355,7.815000057220459,7.864999771118164,18566000,"KLAC | yfinance | raw OHLC, not adjusted"
2014-09-09,7.839000225067139,7.9070000648498535,7.802999973297119,7.85699987411499,28360000,"KLAC | yfinance | raw OHLC, not adjusted"
2014-09-10,7.880000114440918,7.90500020980835,7.827000141143799,7.867000102996826,17549000,"KLAC | yfinance | raw OHLC, not adjusted"
2014-09-11,7.8379998207092285,7.877999782562256,7.811999797821045,7.863999843597412,11208000,"KLAC | yfinance | raw OHLC, not adjusted"
2014-09-12,7.863999843597412,7.863999843597412,7.820000171661377,7.828000068664551,14663000,"KLAC | yfinance | raw OHLC, not adjusted"
2014-09-15,7.808000087738037,7.8480000495910645,7.723999977111816,7.732999801635742,23614000,"KLAC | yfinance | raw OHLC, not adjusted"
2014-09-16,7.710999965667725,7.840000152587891,7.696000099182129,7.828000068664551,12493000,"KLAC | yfinance | raw OHLC, not adjusted"
2014-09-17,7.830999851226807,7.9770002365112305,7.802000045776367,7.956999778747559,13245000,"KLAC | yfinance | raw OHLC, not adjusted"
2014-09-18,7.956999778747559,8.08899974822998,7.943999767303467,8.086000442504883,14017000,"KLAC | yfinance | raw OHLC, not adjusted"
2014-09-19,8.123000144958496,8.126999855041504,8.052000045776367,8.07699966430664,22973000,"KLAC | yfinance | raw OHLC, not adjusted"
2014-09-22,8.052000045776367,8.07800006866455,7.988999843597412,8.008999824523926,18986000,"KLAC | yfinance | raw OHLC, not adjusted"
2014-09-23,7.992000102996826,8.052000045776367,7.960999965667725,8.0,18176000,"KLAC | yfinance | raw OHLC, not adjusted"
2014-09-24,7.999000072479248,8.053000450134277,7.989999771118164,8.052000045776367,14022000,"KLAC | yfinance | raw OHLC, not adjusted"
2014-09-25,8.032999992370605,8.050999641418457,7.888999938964844,7.953000068664551,18441000,"KLAC | yfinance | raw OHLC, not adjusted"
2014-09-26,7.951000213623047,8.019000053405762,7.940999984741211,8.005999565124512,8389000,"KLAC | yfinance | raw OHLC, not adjusted"
2014-09-29,7.955999851226807,8.020000457763672,7.942999839782715,7.985000133514404,8210000,"KLAC | yfinance | raw OHLC, not adjusted"
2014-09-30,7.974999904632568,7.98799991607666,7.875999927520752,7.877999782562256,13509000,"KLAC | yfinance | raw OHLC, not adjusted"
2014-10-01,7.888000011444092,7.888000011444092,7.629000186920166,7.6539998054504395,20795000,"KLAC | yfinance | raw OHLC, not adjusted"
2014-10-02,7.625999927520752,7.690000057220459,7.558000087738037,7.664999961853027,14034000,"KLAC | yfinance | raw OHLC, not adjusted"
2014-10-03,7.626999855041504,7.666999816894531,7.5929999351501465,7.625,13147000,"KLAC | yfinance | raw OHLC, not adjusted"
2014-10-06,7.6620001792907715,7.666999816894531,7.553999900817871,7.599999904632568,15408000,"KLAC | yfinance | raw OHLC, not adjusted"
2014-10-07,7.559000015258789,7.614999771118164,7.445000171661377,7.551000118255615,23523000,"KLAC | yfinance | raw OHLC, not adjusted"
2014-10-08,7.574999809265137,7.604000091552734,7.517000198364258,7.584000110626221,38463000,"KLAC | yfinance | raw OHLC, not adjusted"
2014-10-09,7.557000160217285,7.599999904632568,7.361999988555908,7.364999771118164,24256000,"KLAC | yfinance | raw OHLC, not adjusted"
2014-10-10,7.199999809265137,7.210000038146973,6.77400016784668,6.807000160217285,67057000,"KLAC | yfinance | raw OHLC, not adjusted"
2014-10-13,6.791999816894531,6.828999996185303,6.559999942779541,6.560999870300293,33792000,"KLAC | yfinance | raw OHLC, not adjusted"
2014-10-14,6.6519999504089355,6.75,6.551000118255615,6.642000198364258,24307000,"KLAC | yfinance | raw OHLC, not adjusted"
2014-10-15,6.5289998054504395,6.783999919891357,6.525000095367432,6.745999813079834,25159000,"KLAC | yfinance | raw OHLC, not adjusted"
2014-10-16,6.632999897003174,6.894999980926514,6.618000030517578,6.822999954223633,16845000,"KLAC | yfinance | raw OHLC, not adjusted"
2014-10-17,6.89300012588501,6.961999893188477,6.829999923706055,6.843999862670898,13054000,"KLAC | yfinance | raw OHLC, not adjusted"
2014-10-20,6.827000141143799,6.959000110626221,6.783999919891357,6.955999851226807,9514000,"KLAC | yfinance | raw OHLC, not adjusted"
2014-10-21,6.9730000495910645,7.139999866485596,6.646999835968018,7.138000011444092,10882000,"KLAC | yfinance | raw OHLC, not adjusted"
2014-10-22,7.178999900817871,7.198999881744385,7.02400016784668,7.03000020980835,12581000,"KLAC | yfinance | raw OHLC, not adjusted"
2014-10-23,7.073999881744385,7.170000076293945,7.007999897003174,7.099999904632568,39332000,"KLAC | yfinance | raw OHLC, not adjusted"
2014-10-24,7.617000102996826,7.86299991607666,7.328999996185303,7.590000152587891,81837000,"KLAC | yfinance | raw OHLC, not adjusted"
2014-10-27,7.5929999351501465,7.627999782562256,7.429999828338623,7.50600004196167,26895000,"KLAC | yfinance | raw OHLC, not adjusted"
2014-10-28,7.525000095367432,7.611000061035156,7.497000217437744,7.610000133514404,21805000,"KLAC | yfinance | raw OHLC, not adjusted"
2014-10-29,7.501999855041504,7.669000148773193,7.501999855041504,7.630000114440918,20829000,"KLAC | yfinance | raw OHLC, not adjusted"
2014-10-30,7.5980000495910645,7.640999794006348,7.514999866485596,7.636000156402588,18240000,"KLAC | yfinance | raw OHLC, not adjusted"
2014-10-31,7.836999893188477,7.98799991607666,7.798999786376953,7.914999961853027,19181000,"KLAC | yfinance | raw OHLC, not adjusted"
2014-11-03,7.9039998054504395,8.052000045776367,7.9019999504089355,7.994999885559082,18962000,"KLAC | yfinance | raw OHLC, not adjusted"
2014-11-04,7.9629998207092285,8.071000099182129,7.9120001792907715,8.003000259399414,21223000,"KLAC | yfinance | raw OHLC, not adjusted"
2014-11-05,8.031999588012695,8.164999961853027,7.953999996185303,8.128000259399414,12126000,"KLAC | yfinance | raw OHLC, not adjusted"
2014-11-06,8.145999908447266,8.20300006866455,8.0600004196167,8.083000183105469,13999000,"KLAC | yfinance | raw OHLC, not adjusted"
2014-11-07,8.114999771118164,8.116000175476074,7.926000118255615,8.0,15073000,"KLAC | yfinance | raw OHLC, not adjusted"
2014-11-10,8.01200008392334,8.085000038146973,7.99399995803833,8.050999641418457,10194000,"KLAC | yfinance | raw OHLC, not adjusted"
2014-11-11,8.062999725341797,8.085000038146973,8.0,8.019000053405762,7995000,"KLAC | yfinance | raw OHLC, not adjusted"
2014-11-12,8.01200008392334,8.027999877929688,7.929999828338623,7.9730000495910645,9458000,"KLAC | yfinance | raw OHLC, not adjusted"
2014-11-13,7.956999778747559,8.027000427246094,7.922999858856201,7.943999767303467,10223000,"KLAC | yfinance | raw OHLC, not adjusted"
2014-11-14,7.956999778747559,8.052000045776367,7.8979997634887695,8.032999992370605,9453000,"KLAC | yfinance | raw OHLC, not adjusted"
2014-11-17,7.940000057220459,7.979000091552734,7.863999843597412,7.9019999504089355,12881000,"KLAC | yfinance | raw OHLC, not adjusted"
2014-11-18,7.89900016784668,8.090999603271484,7.89900016784668,8.071000099182129,13090000,"KLAC | yfinance | raw OHLC, not adjusted"
2014-11-19,8.0649995803833,8.121999740600586,8.02299976348877,8.10099983215332,19115000,"KLAC | yfinance | raw OHLC, not adjusted"
2014-11-20,8.088000297546387,8.13599967956543,8.024999618530273,8.069000244140625,25622000,"KLAC | yfinance | raw OHLC, not adjusted"
2014-11-21,8.178000450134277,8.178000450134277,8.055000305175781,8.152000427246094,24350000,"KLAC | yfinance | raw OHLC, not adjusted"
2014-11-24,8.210000038146973,8.392000198364258,8.180000305175781,8.371000289916992,24614000,"KLAC | yfinance | raw OHLC, not adjusted"
2014-11-25,8.39900016784668,8.420999526977539,8.326000213623047,8.418000221252441,25331000,"KLAC | yfinance | raw OHLC, not adjusted"
2014-11-26,6.752999782562256,6.789000034332275,6.673999786376953,6.732999801635742,27259000,"KLAC | yfinance | raw OHLC, not adjusted"
2014-11-28,6.76800012588501,6.961999893188477,6.75,6.943999767303467,19441000,"KLAC | yfinance | raw OHLC, not adjusted"
2014-12-01,6.9070000648498535,6.9770002365112305,6.821000099182129,6.886000156402588,21070000,"KLAC | yfinance | raw OHLC, not adjusted"
2014-12-02,6.894000053405762,6.909999847412109,6.817999839782715,6.883999824523926,19250000,"KLAC | yfinance | raw OHLC, not adjusted"
2014-12-03,6.896999835968018,7.120999813079834,6.870999813079834,7.1020002365112305,22717000,"KLAC | yfinance | raw OHLC, not adjusted"
2014-12-04,7.113999843597412,7.171000003814697,6.997000217437744,7.0329999923706055,18511000,"KLAC | yfinance | raw OHLC, not adjusted"
2014-12-05,7.0329999923706055,7.109000205993652,7.0329999923706055,7.065999984741211,14138000,"KLAC | yfinance | raw OHLC, not adjusted"
2014-12-08,7.039999961853027,7.076000213623047,6.925000190734863,6.955999851226807,15680000,"KLAC | yfinance | raw OHLC, not adjusted"
2014-12-09,6.927000045776367,7.013999938964844,6.875,6.98799991607666,12439000,"KLAC | yfinance | raw OHLC, not adjusted"
2014-12-10,6.98199987411499,7.0370001792907715,6.9039998054504395,6.913000106811523,18970000,"KLAC | yfinance | raw OHLC, not adjusted"
2014-12-11,6.948999881744385,7.033999919891357,6.9019999504089355,6.914999961853027,13599000,"KLAC | yfinance | raw OHLC, not adjusted"
2014-12-12,6.875,6.980999946594238,6.849999904632568,6.86299991607666,18644000,"KLAC | yfinance | raw OHLC, not adjusted"
2014-12-15,6.855999946594238,6.952000141143799,6.729000091552734,6.736000061035156,21699000,"KLAC | yfinance | raw OHLC, not adjusted"
2014-12-16,6.747000217437744,6.820000171661377,6.668000221252441,6.671999931335449,16587000,"KLAC | yfinance | raw OHLC, not adjusted"
2014-12-17,6.702000141143799,6.794000148773193,6.622000217437744,6.775000095367432,11984000,"KLAC | yfinance | raw OHLC, not adjusted"
2014-12-18,6.867000102996826,6.958000183105469,6.807000160217285,6.958000183105469,11604000,"KLAC | yfinance | raw OHLC, not adjusted"
2014-12-19,6.952000141143799,7.000999927520752,6.9070000648498535,6.9720001220703125,29780000,"KLAC | yfinance | raw OHLC, not adjusted"
2014-12-22,7.090000152587891,7.235000133514404,7.03000020980835,7.216000080108643,16375000,"KLAC | yfinance | raw OHLC, not adjusted"
2014-12-23,7.251999855041504,7.311999797821045,7.230000019073486,7.263000011444092,17487000,"KLAC | yfinance | raw OHLC, not adjusted"
2014-12-24,7.263000011444092,7.289000034332275,7.197000026702881,7.202000141143799,4782000,"KLAC | yfinance | raw OHLC, not adjusted"
2014-12-26,7.203000068664551,7.236000061035156,7.176000118255615,7.184999942779541,5548000,"KLAC | yfinance | raw OHLC, not adjusted"
2014-12-29,7.150000095367432,7.192999839782715,7.13100004196167,7.164000034332275,7022000,"KLAC | yfinance | raw OHLC, not adjusted"
2014-12-30,7.127999782562256,7.176000118255615,7.099999904632568,7.11899995803833,7688000,"KLAC | yfinance | raw OHLC, not adjusted"
2014-12-31,7.160999774932861,7.188000202178955,7.0289998054504395,7.0320000648498535,9929000,"KLAC | yfinance | raw OHLC, not adjusted"
2015-01-02,7.061999797821045,7.125999927520752,6.980999946594238,7.0289998054504395,8210000,"KLAC | yfinance | raw OHLC, not adjusted"
2015-01-05,6.9770002365112305,7.005000114440918,6.868000030517578,6.872000217437744,10683000,"KLAC | yfinance | raw OHLC, not adjusted"
2015-01-06,6.855999946594238,6.88100004196167,6.651000022888184,6.669000148773193,19515000,"KLAC | yfinance | raw OHLC, not adjusted"
2015-01-07,6.677999973297119,6.7829999923706055,6.651000022888184,6.78000020980835,16366000,"KLAC | yfinance | raw OHLC, not adjusted"
2015-01-08,6.8379998207092285,6.943999767303467,6.817999839782715,6.89300012588501,12761000,"KLAC | yfinance | raw OHLC, not adjusted"
2015-01-09,6.928999900817871,6.954999923706055,6.834000110626221,6.916999816894531,7140000,"KLAC | yfinance | raw OHLC, not adjusted"
2015-01-12,6.914000034332275,6.932000160217285,6.666999816894531,6.709000110626221,15322000,"KLAC | yfinance | raw OHLC, not adjusted"
2015-01-13,6.7820000648498535,6.848999977111816,6.531000137329102,6.598999977111816,14732000,"KLAC | yfinance | raw OHLC, not adjusted"
2015-01-14,6.520999908447266,6.624000072479248,6.491000175476074,6.554999828338623,17894000,"KLAC | yfinance | raw OHLC, not adjusted"
2015-01-15,6.724999904632568,6.908999919891357,6.636000156402588,6.686999797821045,33014000,"KLAC | yfinance | raw OHLC, not adjusted"
2015-01-16,6.672999858856201,6.798999786376953,6.645999908447266,6.7829999923706055,13992000,"KLAC | yfinance | raw OHLC, not adjusted"
2015-01-20,6.824999809265137,6.906000137329102,6.752999782562256,6.890999794006348,15151000,"KLAC | yfinance | raw OHLC, not adjusted"
2015-01-21,6.8480000495910645,6.993000030517578,6.8480000495910645,6.940999984741211,12501000,"KLAC | yfinance | raw OHLC, not adjusted"
2015-01-22,6.948999881744385,7.11299991607666,6.868000030517578,7.09499979019165,22745000,"KLAC | yfinance | raw OHLC, not adjusted"
2015-01-23,6.6579999923706055,6.75,6.51200008392334,6.52400016784668,54668000,"KLAC | yfinance | raw OHLC, not adjusted"
2015-01-26,6.48799991607666,6.570000171661377,6.418000221252441,6.544000148773193,30847000,"KLAC | yfinance | raw OHLC, not adjusted"
2015-01-27,6.386000156402588,6.418000221252441,6.301000118255615,6.334000110626221,25351000,"KLAC | yfinance | raw OHLC, not adjusted"
2015-01-28,6.401000022888184,6.443999767303467,6.27400016784668,6.276000022888184,17006000,"KLAC | yfinance | raw OHLC, not adjusted"
2015-01-29,6.252999782562256,6.35699987411499,6.210999965667725,6.339000225067139,12810000,"KLAC | yfinance | raw OHLC, not adjusted"
2015-01-30,6.241000175476074,6.340000152587891,6.133999824523926,6.146999835968018,16316000,"KLAC | yfinance | raw OHLC, not adjusted"
2015-02-02,6.142000198364258,6.210000038146973,6.020999908447266,6.186999797821045,14342000,"KLAC | yfinance | raw OHLC, not adjusted"
2015-02-03,6.203000068664551,6.354000091552734,6.191999912261963,6.3470001220703125,14829000,"KLAC | yfinance | raw OHLC, not adjusted"
2015-02-04,6.341000080108643,6.385000228881836,6.275000095367432,6.315999984741211,15124000,"KLAC | yfinance | raw OHLC, not adjusted"
2015-02-05,6.315000057220459,6.3379998207092285,6.236000061035156,6.327000141143799,12988000,"KLAC | yfinance | raw OHLC, not adjusted"
2015-02-06,6.355999946594238,6.395999908447266,6.238999843597412,6.261000156402588,16632000,"KLAC | yfinance | raw OHLC, not adjusted"
2015-02-09,6.201000213623047,6.25,6.1529998779296875,6.2210001945495605,17883000,"KLAC | yfinance | raw OHLC, not adjusted"
2015-02-10,6.275000095367432,6.388000011444092,6.2230000495910645,6.38100004196167,12697000,"KLAC | yfinance | raw OHLC, not adjusted"
2015-02-11,6.394999980926514,6.434000015258789,6.3460001945495605,6.395999908447266,8909000,"KLAC | yfinance | raw OHLC, not adjusted"
2015-02-12,6.360000133514404,6.394000053405762,6.303999900817871,6.38700008392334,8699000,"KLAC | yfinance | raw OHLC, not adjusted"
2015-02-13,6.414000034332275,6.426000118255615,6.355000019073486,6.363999843597412,14199000,"KLAC | yfinance | raw OHLC, not adjusted"
2015-02-17,6.367000102996826,6.414999961853027,6.349999904632568,6.39300012588501,10687000,"KLAC | yfinance | raw OHLC, not adjusted"
2015-02-18,6.370999813079834,6.4670000076293945,6.36299991607666,6.428999900817871,10140000,"KLAC | yfinance | raw OHLC, not adjusted"
2015-02-19,6.395999908447266,6.499000072479248,6.381999969482422,6.466000080108643,6401000,"KLAC | yfinance | raw OHLC, not adjusted"
2015-02-20,6.454999923706055,6.519000053405762,6.420000076293945,6.497000217437744,9953000,"KLAC | yfinance | raw OHLC, not adjusted"
2015-02-23,6.482999801635742,6.493000030517578,6.435999870300293,6.447000026702881,9421000,"KLAC | yfinance | raw OHLC, not adjusted"
2015-02-24,6.4679999351501465,6.636000156402588,6.447999954223633,6.627999782562256,11048000,"KLAC | yfinance | raw OHLC, not adjusted"
2015-02-25,6.61299991607666,6.665999889373779,6.572999954223633,6.5879998207092285,9221000,"KLAC | yfinance | raw OHLC, not adjusted"
2015-02-26,6.590000152587891,6.611999988555908,6.513000011444092,6.551000118255615,7756000,"KLAC | yfinance | raw OHLC, not adjusted"
2015-02-27,6.546000003814697,6.559000015258789,6.485000133514404,6.495999813079834,9411000,"KLAC | yfinance | raw OHLC, not adjusted"
2015-03-02,6.519000053405762,6.624000072479248,6.519000053405762,6.570000171661377,13705000,"KLAC | yfinance | raw OHLC, not adjusted"
2015-03-03,6.53000020980835,6.559000015258789,6.385000228881836,6.389999866485596,12880000,"KLAC | yfinance | raw OHLC, not adjusted"
2015-03-04,6.349999904632568,6.389999866485596,6.2829999923706055,6.315000057220459,10528000,"KLAC | yfinance | raw OHLC, not adjusted"
2015-03-05,6.314000129699707,6.341000080108643,6.215000152587891,6.2230000495910645,25917000,"KLAC | yfinance | raw OHLC, not adjusted"
2015-03-06,6.192999839782715,6.236999988555908,6.0960001945495605,6.105999946594238,14784000,"KLAC | yfinance | raw OHLC, not adjusted"
2015-03-09,6.10099983215332,6.165999889373779,6.10099983215332,6.13700008392334,11782000,"KLAC | yfinance | raw OHLC, not adjusted"
2015-03-10,6.067999839782715,6.105999946594238,6.008999824523926,6.014999866485596,15455000,"KLAC | yfinance | raw OHLC, not adjusted"
2015-03-11,6.053999900817871,6.1020002365112305,6.015999794006348,6.0279998779296875,8130000,"KLAC | yfinance | raw OHLC, not adjusted"
2015-03-12,6.007999897003174,6.046999931335449,5.954999923706055,6.040999889373779,11683000,"KLAC | yfinance | raw OHLC, not adjusted"
2015-03-13,6.0370001792907715,6.105999946594238,6.008999824523926,6.071000099182129,10784000,"KLAC | yfinance | raw OHLC, not adjusted"
2015-03-16,6.099999904632568,6.203000068664551,6.085999965667725,6.191999912261963,10644000,"KLAC | yfinance | raw OHLC, not adjusted"
2015-03-17,6.14300012588501,6.166999816894531,6.109000205993652,6.138000011444092,8099000,"KLAC | yfinance | raw OHLC, not adjusted"
2015-03-18,6.125,6.21999979019165,6.058000087738037,6.178999900817871,14491000,"KLAC | yfinance | raw OHLC, not adjusted"
2015-03-19,6.189000129699707,6.252999782562256,6.185999870300293,6.2230000495910645,10212000,"KLAC | yfinance | raw OHLC, not adjusted"
2015-03-20,6.265999794006348,6.36899995803833,6.238999843597412,6.354000091552734,19376000,"KLAC | yfinance | raw OHLC, not adjusted"
2015-03-23,6.335999965667725,6.382999897003174,6.324999809265137,6.327000141143799,10896000,"KLAC | yfinance | raw OHLC, not adjusted"
2015-03-24,6.310999870300293,6.361000061035156,6.294000148773193,6.296999931335449,9365000,"KLAC | yfinance | raw OHLC, not adjusted"
2015-03-25,6.294000148773193,6.294000148773193,5.919000148773193,5.936999797821045,21393000,"KLAC | yfinance | raw OHLC, not adjusted"
2015-03-26,5.828000068664551,5.9019999504089355,5.749000072479248,5.8429999351501465,17795000,"KLAC | yfinance | raw OHLC, not adjusted"
2015-03-27,5.8520002365112305,5.961999893188477,5.795000076293945,5.900000095367432,21753000,"KLAC | yfinance | raw OHLC, not adjusted"
2015-03-30,5.960000038146973,5.986000061035156,5.9070000648498535,5.940999984741211,11337000,"KLAC | yfinance | raw OHLC, not adjusted"
2015-03-31,5.9029998779296875,5.9029998779296875,5.818999767303467,5.828999996185303,18736000,"KLAC | yfinance | raw OHLC, not adjusted"
2015-04-01,5.827000141143799,5.835000038146973,5.7210001945495605,5.775000095367432,18463000,"KLAC | yfinance | raw OHLC, not adjusted"
2015-04-02,5.808000087738037,5.854000091552734,5.710000038146973,5.809000015258789,11175000,"KLAC | yfinance | raw OHLC, not adjusted"
2015-04-06,5.763999938964844,5.8520002365112305,5.7210001945495605,5.814000129699707,12155000,"KLAC | yfinance | raw OHLC, not adjusted"
2015-04-07,5.816999912261963,5.8429999351501465,5.775000095367432,5.776000022888184,7716000,"KLAC | yfinance | raw OHLC, not adjusted"
2015-04-08,5.763000011444092,5.824999809265137,5.763000011444092,5.804999828338623,10041000,"KLAC | yfinance | raw OHLC, not adjusted"
2015-04-09,5.813000202178955,5.90500020980835,5.7729997634887695,5.894000053405762,15883000,"KLAC | yfinance | raw OHLC, not adjusted"
2015-04-10,5.880000114440918,5.913000106811523,5.835999965667725,5.9120001792907715,11960000,"KLAC | yfinance | raw OHLC, not adjusted"
2015-04-13,5.9070000648498535,5.9670000076293945,5.877999782562256,5.900000095367432,11897000,"KLAC | yfinance | raw OHLC, not adjusted"
2015-04-14,5.885000228881836,5.960000038146973,5.8480000495910645,5.935999870300293,14845000,"KLAC | yfinance | raw OHLC, not adjusted"
2015-04-15,5.927999973297119,6.058000087738037,5.922999858856201,6.004000186920166,17204000,"KLAC | yfinance | raw OHLC, not adjusted"
2015-04-16,5.940999984741211,6.008999824523926,5.892000198364258,5.933000087738037,21349000,"KLAC | yfinance | raw OHLC, not adjusted"
2015-04-17,5.883999824523926,5.888999938964844,5.767000198364258,5.800000190734863,17714000,"KLAC | yfinance | raw OHLC, not adjusted"
2015-04-20,5.839000225067139,5.9039998054504395,5.806000232696533,5.855999946594238,12082000,"KLAC | yfinance | raw OHLC, not adjusted"
2015-04-21,5.999000072479248,6.033999919891357,5.89300012588501,5.934000015258789,20726000,"KLAC | yfinance | raw OHLC, not adjusted"
2015-04-22,5.935999870300293,6.050000190734863,5.910999774932861,6.03000020980835,12821000,"KLAC | yfinance | raw OHLC, not adjusted"
2015-04-23,5.9679999351501465,6.0269999504089355,5.945000171661377,5.985000133514404,17520000,"KLAC | yfinance | raw OHLC, not adjusted"
2015-04-24,5.9710001945495605,5.986000061035156,5.815999984741211,5.888999938964844,29649000,"KLAC | yfinance | raw OHLC, not adjusted"
2015-04-27,5.888000011444092,6.079999923706055,5.867000102996826,5.947999954223633,29735000,"KLAC | yfinance | raw OHLC, not adjusted"
2015-04-28,5.948999881744385,5.99399995803833,5.894999980926514,5.9770002365112305,11368000,"KLAC | yfinance | raw OHLC, not adjusted"
2015-04-29,5.928999900817871,5.985000133514404,5.895999908447266,5.926000118255615,17733000,"KLAC | yfinance | raw OHLC, not adjusted"
2015-04-30,5.910999774932861,5.958000183105469,5.84499979019165,5.880000114440918,14786000,"KLAC | yfinance | raw OHLC, not adjusted"
2015-05-01,5.910999774932861,6.008999824523926,5.888999938964844,6.008999824523926,9842000,"KLAC | yfinance | raw OHLC, not adjusted"
2015-05-04,6.017000198364258,6.046000003814697,6.010000228881836,6.0289998054504395,7190000,"KLAC | yfinance | raw OHLC, not adjusted"
2015-05-05,5.984000205993652,6.0,5.8460001945495605,5.848999977111816,15431000,"KLAC | yfinance | raw OHLC, not adjusted"
2015-05-06,5.855999946594238,5.9120001792907715,5.7769999504089355,5.826000213623047,9238000,"KLAC | yfinance | raw OHLC, not adjusted"
2015-05-07,5.839000225067139,5.895999908447266,5.822999954223633,5.886000156402588,7366000,"KLAC | yfinance | raw OHLC, not adjusted"
2015-05-08,5.919000148773193,6.0229997634887695,5.914999961853027,5.980000019073486,15967000,"KLAC | yfinance | raw OHLC, not adjusted"
2015-05-11,5.9670000076293945,6.017000198364258,5.948999881744385,5.960999965667725,10615000,"KLAC | yfinance | raw OHLC, not adjusted"
2015-05-12,5.9029998779296875,5.921999931335449,5.78000020980835,5.873000144958496,15332000,"KLAC | yfinance | raw OHLC, not adjusted"
2015-05-13,5.876999855041504,5.947999954223633,5.833000183105469,5.888000011444092,9886000,"KLAC | yfinance | raw OHLC, not adjusted"
2015-05-14,5.910999774932861,5.948999881744385,5.835999965667725,5.934999942779541,14602000,"KLAC | yfinance | raw OHLC, not adjusted"
2015-05-15,5.959000110626221,6.0279998779296875,5.938000202178955,5.991000175476074,13617000,"KLAC | yfinance | raw OHLC, not adjusted"
2015-05-18,5.985000133514404,6.008999824523926,5.9629998207092285,5.9730000495910645,9589000,"KLAC | yfinance | raw OHLC, not adjusted"
2015-05-19,5.973999977111816,6.014999866485596,5.888000011444092,5.9079999923706055,12319000,"KLAC | yfinance | raw OHLC, not adjusted"
2015-05-20,5.90500020980835,5.964000225067139,5.881999969482422,5.9079999923706055,7065000,"KLAC | yfinance | raw OHLC, not adjusted"
2015-05-21,5.9070000648498535,5.923999786376953,5.875,5.915999889373779,6905000,"KLAC | yfinance | raw OHLC, not adjusted"
2015-05-22,5.894999980926514,5.958000183105469,5.882999897003174,5.9120001792907715,8548000,"KLAC | yfinance | raw OHLC, not adjusted"
2015-05-26,5.875999927520752,5.888000011444092,5.804999828338623,5.824999809265137,10056000,"KLAC | yfinance | raw OHLC, not adjusted"
2015-05-27,5.833000183105469,6.013000011444092,5.808000087738037,5.998000144958496,13732000,"KLAC | yfinance | raw OHLC, not adjusted"
2015-05-28,5.998000144958496,6.072999954223633,5.985000133514404,6.0269999504089355,9360000,"KLAC | yfinance | raw OHLC, not adjusted"
2015-05-29,6.00600004196167,6.050000190734863,5.942999839782715,5.966000080108643,16882000,"KLAC | yfinance | raw OHLC, not adjusted"
2015-06-01,6.006999969482422,6.008999824523926,5.940999984741211,5.979000091552734,11625000,"KLAC | yfinance | raw OHLC, not adjusted"
2015-06-02,5.953000068664551,5.9730000495910645,5.901000022888184,5.934999942779541,9795000,"KLAC | yfinance | raw OHLC, not adjusted"
2015-06-03,5.96999979019165,5.984000205993652,5.857999801635742,5.863999843597412,13738000,"KLAC | yfinance | raw OHLC, not adjusted"
2015-06-04,5.827000141143799,5.848999977111816,5.702000141143799,5.724999904632568,18238000,"KLAC | yfinance | raw OHLC, not adjusted"
2015-06-05,5.730999946594238,5.739999771118164,5.670000076293945,5.697000026702881,10380000,"KLAC | yfinance | raw OHLC, not adjusted"
2015-06-08,5.679999828338623,5.702000141143799,5.561999797821045,5.5970001220703125,13617000,"KLAC | yfinance | raw OHLC, not adjusted"
2015-06-09,5.599999904632568,5.605999946594238,5.541999816894531,5.565000057220459,12336000,"KLAC | yfinance | raw OHLC, not adjusted"
2015-06-10,5.5960001945495605,5.676000118255615,5.5920000076293945,5.616000175476074,11497000,"KLAC | yfinance | raw OHLC, not adjusted"
2015-06-11,5.632999897003174,5.658999919891357,5.613999843597412,5.6479997634887695,10091000,"KLAC | yfinance | raw OHLC, not adjusted"
2015-06-12,5.605000019073486,5.605000019073486,5.551000118255615,5.589000225067139,7928000,"KLAC | yfinance | raw OHLC, not adjusted"
2015-06-15,5.5320000648498535,5.669000148773193,5.52400016784668,5.64300012588501,14823000,"KLAC | yfinance | raw OHLC, not adjusted"
2015-06-16,5.6519999504089355,5.729000091552734,5.631999969482422,5.71999979019165,12582000,"KLAC | yfinance | raw OHLC, not adjusted"
2015-06-17,5.7230000495910645,5.742000102996826,5.670000076293945,5.7129998207092285,8573000,"KLAC | yfinance | raw OHLC, not adjusted"
2015-06-18,5.730999946594238,5.834000110626221,5.7170000076293945,5.821000099182129,11581000,"KLAC | yfinance | raw OHLC, not adjusted"
2015-06-19,5.826000213623047,5.836999893188477,5.76200008392334,5.798999786376953,21992000,"KLAC | yfinance | raw OHLC, not adjusted"
2015-06-22,5.836999893188477,5.868000030517578,5.793000221252441,5.821000099182129,11086000,"KLAC | yfinance | raw OHLC, not adjusted"
2015-06-23,5.811999797821045,5.833000183105469,5.706999778747559,5.728000164031982,11827000,"KLAC | yfinance | raw OHLC, not adjusted"
2015-06-24,5.71999979019165,5.763999938964844,5.714000225067139,5.7210001945495605,9711000,"KLAC | yfinance | raw OHLC, not adjusted"
2015-06-25,5.742000102996826,5.781000137329102,5.706999778747559,5.734000205993652,11262000,"KLAC | yfinance | raw OHLC, not adjusted"
2015-06-26,5.715000152587891,5.77400016784668,5.658999919891357,5.715000152587891,18724000,"KLAC | yfinance | raw OHLC, not adjusted"
2015-06-29,5.6539998054504395,5.681000232696533,5.563000202178955,5.576000213623047,21201000,"KLAC | yfinance | raw OHLC, not adjusted"
2015-06-30,5.642000198364258,5.658999919891357,5.579999923706055,5.620999813079834,10935000,"KLAC | yfinance | raw OHLC, not adjusted"
2015-07-01,5.671999931335449,5.715000152587891,5.6519999504089355,5.678999900817871,8683000,"KLAC | yfinance | raw OHLC, not adjusted"
2015-07-02,5.672999858856201,5.735000133514404,5.670000076293945,5.72599983215332,8298000,"KLAC | yfinance | raw OHLC, not adjusted"
2015-07-06,5.644999980926514,5.732999801635742,5.590000152587891,5.618000030517578,11124000,"KLAC | yfinance | raw OHLC, not adjusted"
2015-07-07,5.60099983215332,5.636000156402588,5.459000110626221,5.610000133514404,13162000,"KLAC | yfinance | raw OHLC, not adjusted"
2015-07-08,5.539000034332275,5.578999996185303,5.456999778747559,5.480000019073486,10978000,"KLAC | yfinance | raw OHLC, not adjusted"
2015-07-09,5.538000106811523,5.593999862670898,5.4730000495910645,5.4730000495910645,9957000,"KLAC | yfinance | raw OHLC, not adjusted"
2015-07-10,5.535999774932861,5.585999965667725,5.484000205993652,5.511000156402588,10984000,"KLAC | yfinance | raw OHLC, not adjusted"
2015-07-13,5.547999858856201,5.6579999923706055,5.513000011444092,5.631999969482422,10338000,"KLAC | yfinance | raw OHLC, not adjusted"
2015-07-14,5.663000106811523,5.675000190734863,5.556000232696533,5.563000202178955,22988000,"KLAC | yfinance | raw OHLC, not adjusted"
2015-07-15,5.568999767303467,5.572999954223633,5.447999954223633,5.47599983215332,15747000,"KLAC | yfinance | raw OHLC, not adjusted"
2015-07-16,5.452000141143799,5.455999851226807,5.166999816894531,5.257999897003174,30497000,"KLAC | yfinance | raw OHLC, not adjusted"
2015-07-17,5.264999866485596,5.26800012588501,5.177999973297119,5.192999839782715,14389000,"KLAC | yfinance | raw OHLC, not adjusted"
2015-07-20,5.2210001945495605,5.236000061035156,5.178999900817871,5.210000038146973,9990000,"KLAC | yfinance | raw OHLC, not adjusted"
2015-07-21,5.195000171661377,5.252999782562256,5.170000076293945,5.182000160217285,9874000,"KLAC | yfinance | raw OHLC, not adjusted"
2015-07-22,5.127999782562256,5.183000087738037,5.041999816894531,5.166999816894531,15172000,"KLAC | yfinance | raw OHLC, not adjusted"
2015-07-23,5.176000118255615,5.334000110626221,5.151000022888184,5.283999919891357,24037000,"KLAC | yfinance | raw OHLC, not adjusted"
2015-07-24,5.2820000648498535,5.294000148773193,5.0879998207092285,5.125,17005000,"KLAC | yfinance | raw OHLC, not adjusted"
2015-07-27,5.114999771118164,5.169000148773193,5.064000129699707,5.104000091552734,17334000,"KLAC | yfinance | raw OHLC, not adjusted"
2015-07-28,5.057000160217285,5.239999771118164,5.057000160217285,5.191999912261963,14611000,"KLAC | yfinance | raw OHLC, not adjusted"
2015-07-29,5.159999847412109,5.184000015258789,5.09499979019165,5.173999786376953,12197000,"KLAC | yfinance | raw OHLC, not adjusted"
2015-07-30,5.171999931335449,5.24399995803833,5.145999908447266,5.205999851226807,14624000,"KLAC | yfinance | raw OHLC, not adjusted"
2015-07-31,5.110000133514404,5.3480000495910645,5.104000091552734,5.304999828338623,31650000,"KLAC | yfinance | raw OHLC, not adjusted"
2015-08-03,5.27400016784668,5.289000034332275,5.211999893188477,5.254000186920166,16222000,"KLAC | yfinance | raw OHLC, not adjusted"
2015-08-04,5.236000061035156,5.2829999923706055,5.1579999923706055,5.184999942779541,10566000,"KLAC | yfinance | raw OHLC, not adjusted"
2015-08-05,5.223999977111816,5.315999984741211,5.223999977111816,5.263999938964844,12707000,"KLAC | yfinance | raw OHLC, not adjusted"
2015-08-06,5.271999835968018,5.271999835968018,5.142000198364258,5.195000171661377,12589000,"KLAC | yfinance | raw OHLC, not adjusted"
2015-08-07,5.171000003814697,5.248000144958496,5.14900016784668,5.235000133514404,12073000,"KLAC | yfinance | raw OHLC, not adjusted"
2015-08-10,5.291999816894531,5.445000171661377,5.291999816894531,5.414999961853027,17780000,"KLAC | yfinance | raw OHLC, not adjusted"
2015-08-11,5.363999843597412,5.363999843597412,5.275000095367432,5.301000118255615,12120000,"KLAC | yfinance | raw OHLC, not adjusted"
2015-08-12,5.228000164031982,5.3480000495910645,5.15500020980835,5.328000068664551,14537000,"KLAC | yfinance | raw OHLC, not adjusted"
2015-08-13,5.27400016784668,5.27400016784668,5.151000022888184,5.1519999504089355,11596000,"KLAC | yfinance | raw OHLC, not adjusted"
2015-08-14,5.160999774932861,5.1620001792907715,5.044000148773193,5.119999885559082,12705000,"KLAC | yfinance | raw OHLC, not adjusted"
2015-08-17,5.10699987411499,5.185999870300293,5.072999954223633,5.183000087738037,9864000,"KLAC | yfinance | raw OHLC, not adjusted"
2015-08-18,5.181000232696533,5.208000183105469,5.01200008392334,5.019000053405762,15060000,"KLAC | yfinance | raw OHLC, not adjusted"
2015-08-19,5.00600004196167,5.057000160217285,4.953000068664551,5.000999927520752,9656000,"KLAC | yfinance | raw OHLC, not adjusted"
2015-08-20,4.934999942779541,4.953999996185303,4.841000080108643,4.843999862670898,13485000,"KLAC | yfinance | raw OHLC, not adjusted"
2015-08-21,4.829999923706055,4.894999980926514,4.769000053405762,4.769999980926514,18281000,"KLAC | yfinance | raw OHLC, not adjusted"
2015-08-24,4.551000118255615,4.866000175476074,4.494999885559082,4.697000026702881,28902000,"KLAC | yfinance | raw OHLC, not adjusted"
2015-08-25,4.900000095367432,4.9720001220703125,4.630000114440918,4.631999969482422,23156000,"KLAC | yfinance | raw OHLC, not adjusted"
2015-08-26,4.741000175476074,4.815999984741211,4.63700008392334,4.810999870300293,15983000,"KLAC | yfinance | raw OHLC, not adjusted"
2015-08-27,4.867000102996826,4.982999801635742,4.853000164031982,4.959000110626221,11901000,"KLAC | yfinance | raw OHLC, not adjusted"
2015-08-28,4.921000003814697,5.014999866485596,4.916999816894531,4.988999843597412,11391000,"KLAC | yfinance | raw OHLC, not adjusted"
2015-08-31,4.955999851226807,5.033999919891357,4.922999858856201,5.011000156402588,17276000,"KLAC | yfinance | raw OHLC, not adjusted"
2015-09-01,4.827000141143799,4.929999828338623,4.7729997634887695,4.802999973297119,14691000,"KLAC | yfinance | raw OHLC, not adjusted"
2015-09-02,4.88100004196167,4.894000053405762,4.7820000648498535,4.866000175476074,10713000,"KLAC | yfinance | raw OHLC, not adjusted"
2015-09-03,4.868000030517578,4.965000152587891,4.855999946594238,4.882999897003174,10655000,"KLAC | yfinance | raw OHLC, not adjusted"
2015-09-04,4.796999931335449,4.821000099182129,4.742000102996826,4.754000186920166,10444000,"KLAC | yfinance | raw OHLC, not adjusted"
2015-09-08,4.8470001220703125,4.986000061035156,4.8429999351501465,4.980000019073486,17435000,"KLAC | yfinance | raw OHLC, not adjusted"
2015-09-09,5.01200008392334,5.071000099182129,4.919000148773193,4.934999942779541,16838000,"KLAC | yfinance | raw OHLC, not adjusted"
2015-09-10,4.916999816894531,5.184999942779541,4.9019999504089355,5.1479997634887695,27666000,"KLAC | yfinance | raw OHLC, not adjusted"
2015-09-11,5.11899995803833,5.145999908447266,5.059000015258789,5.120999813079834,16169000,"KLAC | yfinance | raw OHLC, not adjusted"
2015-09-14,5.132999897003174,5.258999824523926,5.130000114440918,5.2179999351501465,20611000,"KLAC | yfinance | raw OHLC, not adjusted"
2015-09-15,5.242000102996826,5.2829999923706055,5.197000026702881,5.257999897003174,18218000,"KLAC | yfinance | raw OHLC, not adjusted"
2015-09-16,5.256999969482422,5.328000068664551,5.244999885559082,5.318999767303467,10619000,"KLAC | yfinance | raw OHLC, not adjusted"
2015-09-17,5.28000020980835,5.28000020980835,5.109000205993652,5.13100004196167,23082000,"KLAC | yfinance | raw OHLC, not adjusted"
2015-09-18,5.064000129699707,5.119999885559082,5.01200008392334,5.041999816894531,30270000,"KLAC | yfinance | raw OHLC, not adjusted"
2015-09-21,5.058000087738037,5.066999912261963,4.90500020980835,4.920000076293945,19606000,"KLAC | yfinance | raw OHLC, not adjusted"
2015-09-22,4.910999774932861,4.964000225067139,4.8470001220703125,4.940000057220459,24198000,"KLAC | yfinance | raw OHLC, not adjusted"
2015-09-23,4.921999931335449,4.940000057220459,4.785999774932861,4.788000106811523,19552000,"KLAC | yfinance | raw OHLC, not adjusted"
2015-09-24,4.734000205993652,4.861000061035156,4.676000118255615,4.820000171661377,22471000,"KLAC | yfinance | raw OHLC, not adjusted"
2015-09-25,4.894999980926514,4.927000045776367,4.796000003814697,4.861000061035156,20740000,"KLAC | yfinance | raw OHLC, not adjusted"
2015-09-28,4.816999912261963,4.88100004196167,4.816999912261963,4.848999977111816,20273000,"KLAC | yfinance | raw OHLC, not adjusted"
2015-09-29,4.815999984741211,4.85699987411499,4.7729997634887695,4.817999839782715,28503000,"KLAC | yfinance | raw OHLC, not adjusted"
2015-09-30,4.890999794006348,5.004000186920166,4.868000030517578,5.0,22021000,"KLAC | yfinance | raw OHLC, not adjusted"
2015-10-01,4.998000144958496,5.00600004196167,4.873000144958496,4.960000038146973,17846000,"KLAC | yfinance | raw OHLC, not adjusted"
2015-10-02,4.914999961853027,5.043000221252441,4.885000228881836,5.043000221252441,13090000,"KLAC | yfinance | raw OHLC, not adjusted"
2015-10-05,5.060999870300293,5.209000110626221,5.052999973297119,5.172999858856201,17962000,"KLAC | yfinance | raw OHLC, not adjusted"
2015-10-06,5.182000160217285,5.25600004196167,5.114999771118164,5.247000217437744,20229000,"KLAC | yfinance | raw OHLC, not adjusted"
2015-10-07,5.300000190734863,5.373000144958496,5.229000091552734,5.267000198364258,17722000,"KLAC | yfinance | raw OHLC, not adjusted"
2015-10-08,5.2779998779296875,5.343999862670898,5.239999771118164,5.328999996185303,14239000,"KLAC | yfinance | raw OHLC, not adjusted"
2015-10-09,5.335000038146973,5.372000217437744,5.281000137329102,5.318999767303467,11117000,"KLAC | yfinance | raw OHLC, not adjusted"
2015-10-12,5.328000068664551,5.3460001945495605,5.270999908447266,5.2820000648498535,10862000,"KLAC | yfinance | raw OHLC, not adjusted"
2015-10-13,5.242000102996826,5.249000072479248,5.1539998054504395,5.158999919891357,13390000,"KLAC | yfinance | raw OHLC, not adjusted"
2015-10-14,5.130000114440918,5.302999973297119,5.116000175476074,5.258999824523926,24725000,"KLAC | yfinance | raw OHLC, not adjusted"
2015-10-15,5.269999980926514,5.313000202178955,5.208000183105469,5.264999866485596,14643000,"KLAC | yfinance | raw OHLC, not adjusted"
2015-10-16,5.2769999504089355,5.309999942779541,5.211999893188477,5.296999931335449,14187000,"KLAC | yfinance | raw OHLC, not adjusted"
2015-10-19,5.290999889373779,5.3470001220703125,5.263999938964844,5.311999797821045,13886000,"KLAC | yfinance | raw OHLC, not adjusted"
2015-10-20,5.295000076293945,5.48199987411499,5.289000034332275,5.386000156402588,28597000,"KLAC | yfinance | raw OHLC, not adjusted"
2015-10-21,6.439000129699707,6.7270002365112305,6.379000186920166,6.3979997634887695,242324000,"KLAC | yfinance | raw OHLC, not adjusted"
2015-10-22,6.341000080108643,6.589000225067139,6.341000080108643,6.489999771118164,115965000,"KLAC | yfinance | raw OHLC, not adjusted"
2015-10-23,6.5,6.566999912261963,6.497000217437744,6.534999847412109,83845000,"KLAC | yfinance | raw OHLC, not adjusted"
2015-10-26,6.559000015258789,6.560999870300293,6.486999988555908,6.5289998054504395,47551000,"KLAC | yfinance | raw OHLC, not adjusted"
2015-10-27,6.513000011444092,6.583000183105469,6.50600004196167,6.533999919891357,27957000,"KLAC | yfinance | raw OHLC, not adjusted"
2015-10-28,6.539000034332275,6.5960001945495605,6.500999927520752,6.580999851226807,41720000,"KLAC | yfinance | raw OHLC, not adjusted"
2015-10-29,6.551000118255615,6.688000202178955,6.525000095367432,6.631999969482422,20181000,"KLAC | yfinance | raw OHLC, not adjusted"
2015-10-30,6.646999835968018,6.724999904632568,6.607999801635742,6.711999893188477,12209000,"KLAC | yfinance | raw OHLC, not adjusted"
2015-11-02,6.699999809265137,6.738999843597412,6.650000095367432,6.65500020980835,29384000,"KLAC | yfinance | raw OHLC, not adjusted"
2015-11-03,6.64900016784668,6.664000034332275,6.617000102996826,6.650000095367432,26229000,"KLAC | yfinance | raw OHLC, not adjusted"
2015-11-04,6.629000186920166,6.696000099182129,6.629000186920166,6.683000087738037,19031000,"KLAC | yfinance | raw OHLC, not adjusted"
2015-11-05,6.703000068664551,6.735000133514404,6.64300012588501,6.699999809265137,17665000,"KLAC | yfinance | raw OHLC, not adjusted"
2015-11-06,6.673999786376953,6.714000225067139,6.644000053405762,6.684999942779541,12150000,"KLAC | yfinance | raw OHLC, not adjusted"
2015-11-09,6.671000003814697,6.702000141143799,6.644999980926514,6.691999912261963,21268000,"KLAC | yfinance | raw OHLC, not adjusted"
2015-11-10,6.697999954223633,6.7179999351501465,6.6479997634887695,6.676000118255615,7874000,"KLAC | yfinance | raw OHLC, not adjusted"
2015-11-11,6.676000118255615,6.742000102996826,6.6570000648498535,6.690000057220459,11443000,"KLAC | yfinance | raw OHLC, not adjusted"
2015-11-12,6.623000144958496,6.638000011444092,6.574999809265137,6.585999965667725,29153000,"KLAC | yfinance | raw OHLC, not adjusted"
2015-11-13,6.59499979019165,6.638000011444092,6.563000202178955,6.567999839782715,17953000,"KLAC | yfinance | raw OHLC, not adjusted"
2015-11-16,6.583000183105469,6.638000011444092,6.5289998054504395,6.635000228881836,23353000,"KLAC | yfinance | raw OHLC, not adjusted"
2015-11-17,6.63100004196167,6.709000110626221,6.617000102996826,6.669000148773193,14447000,"KLAC | yfinance | raw OHLC, not adjusted"
2015-11-18,6.650000095367432,6.715000152587891,6.633999824523926,6.710000038146973,13563000,"KLAC | yfinance | raw OHLC, not adjusted"
2015-11-19,6.747000217437744,6.747000217437744,6.663000106811523,6.690000057220459,13801000,"KLAC | yfinance | raw OHLC, not adjusted"
2015-11-20,6.699999809265137,6.749000072479248,6.671999931335449,6.702000141143799,8403000,"KLAC | yfinance | raw OHLC, not adjusted"
2015-11-23,6.691999912261963,6.710000038146973,6.640999794006348,6.665999889373779,17095000,"KLAC | yfinance | raw OHLC, not adjusted"
2015-11-24,6.644000053405762,6.693999767303467,6.616000175476074,6.645999908447266,19969000,"KLAC | yfinance | raw OHLC, not adjusted"
2015-11-25,6.660999774932861,6.670000076293945,6.623000144958496,6.63700008392334,11843000,"KLAC | yfinance | raw OHLC, not adjusted"
2015-11-27,6.639999866485596,6.672999858856201,6.63100004196167,6.6539998054504395,5082000,"KLAC | yfinance | raw OHLC, not adjusted"
2015-11-30,6.663000106811523,6.710999965667725,6.644999980926514,6.646999835968018,17831000,"KLAC | yfinance | raw OHLC, not adjusted"
2015-12-01,6.677000045776367,6.800000190734863,6.677000045776367,6.789999961853027,14219000,"KLAC | yfinance | raw OHLC, not adjusted"
2015-12-02,6.761000156402588,6.835999965667725,6.761000156402588,6.771999835968018,13931000,"KLAC | yfinance | raw OHLC, not adjusted"
2015-12-03,6.785999774932861,6.811999797821045,6.660999774932861,6.660999774932861,16909000,"KLAC | yfinance | raw OHLC, not adjusted"
2015-12-04,6.677000045776367,6.795000076293945,6.677000045776367,6.756999969482422,9809000,"KLAC | yfinance | raw OHLC, not adjusted"
2015-12-07,6.743000030517578,6.795000076293945,6.711999893188477,6.748000144958496,13746000,"KLAC | yfinance | raw OHLC, not adjusted"
2015-12-08,6.696000099182129,6.90500020980835,6.696000099182129,6.873000144958496,15719000,"KLAC | yfinance | raw OHLC, not adjusted"
2015-12-09,6.861999988555908,6.88100004196167,6.755000114440918,6.757999897003174,13874000,"KLAC | yfinance | raw OHLC, not adjusted"
2015-12-10,6.757999897003174,6.89900016784668,6.747000217437744,6.848999977111816,12270000,"KLAC | yfinance | raw OHLC, not adjusted"
2015-12-11,6.752999782562256,6.828999996185303,6.752999782562256,6.7870001792907715,8583000,"KLAC | yfinance | raw OHLC, not adjusted"
2015-12-14,6.809999942779541,6.813000202178955,6.7220001220703125,6.763000011444092,10245000,"KLAC | yfinance | raw OHLC, not adjusted"
2015-12-15,6.798999786376953,6.936999797821045,6.795000076293945,6.888000011444092,15564000,"KLAC | yfinance | raw OHLC, not adjusted"
2015-12-16,6.895999908447266,6.939000129699707,6.806000232696533,6.9079999923706055,17155000,"KLAC | yfinance | raw OHLC, not adjusted"
2015-12-17,6.925000190734863,6.939000129699707,6.804999828338623,6.804999828338623,12675000,"KLAC | yfinance | raw OHLC, not adjusted"
2015-12-18,6.771999835968018,6.813000202178955,6.683000087738037,6.685999870300293,47935000,"KLAC | yfinance | raw OHLC, not adjusted"
2015-12-21,6.73799991607666,6.839000225067139,6.705999851226807,6.836999893188477,15641000,"KLAC | yfinance | raw OHLC, not adjusted"
2015-12-22,6.835000038146973,6.910999774932861,6.7870001792907715,6.9079999923706055,6494000,"KLAC | yfinance | raw OHLC, not adjusted"
2015-12-23,6.931000232696533,6.948999881744385,6.914000034332275,6.925000190734863,4372000,"KLAC | yfinance | raw OHLC, not adjusted"
2015-12-24,6.920000076293945,6.96999979019165,6.920000076293945,6.951000213623047,3702000,"KLAC | yfinance | raw OHLC, not adjusted"
2015-12-28,6.927999973297119,6.942999839782715,6.88100004196167,6.940000057220459,7744000,"KLAC | yfinance | raw OHLC, not adjusted"
2015-12-29,6.964000225067139,7.0279998779296875,6.960000038146973,6.989999771118164,9921000,"KLAC | yfinance | raw OHLC, not adjusted"
2015-12-30,6.985000133514404,7.019999980926514,6.966000080108643,6.968999862670898,6966000,"KLAC | yfinance | raw OHLC, not adjusted"
2015-12-31,6.948999881744385,6.991000175476074,6.921000003814697,6.934999942779541,8541000,"KLAC | yfinance | raw OHLC, not adjusted"
2016-01-04,6.802999973297119,6.918000221252441,6.800000190734863,6.86899995803833,21853000,"KLAC | yfinance | raw OHLC, not adjusted"
2016-01-05,6.8379998207092285,6.90500020980835,6.836999893188477,6.874000072479248,20998000,"KLAC | yfinance | raw OHLC, not adjusted"
2016-01-06,6.770999908447266,6.823999881744385,6.609000205993652,6.6579999923706055,15253000,"KLAC | yfinance | raw OHLC, not adjusted"
2016-01-07,6.541999816894531,6.665999889373779,6.540999889373779,6.593999862670898,17896000,"KLAC | yfinance | raw OHLC, not adjusted"
2016-01-08,6.613999843597412,6.63100004196167,6.46999979019165,6.52400016784668,16767000,"KLAC | yfinance | raw OHLC, not adjusted"
2016-01-11,6.576000213623047,6.576000213623047,6.482999801635742,6.551000118255615,12444000,"KLAC | yfinance | raw OHLC, not adjusted"
2016-01-12,6.5920000076293945,6.645999908447266,6.514999866485596,6.574999809265137,7448000,"KLAC | yfinance | raw OHLC, not adjusted"
2016-01-13,6.580999851226807,6.630000114440918,6.4670000076293945,6.478000164031982,12450000,"KLAC | yfinance | raw OHLC, not adjusted"
2016-01-14,6.502999782562256,6.714000225067139,6.480999946594238,6.665999889373779,24852000,"KLAC | yfinance | raw OHLC, not adjusted"
2016-01-15,6.410999774932861,6.51800012588501,6.363999843597412,6.454999923706055,17507000,"KLAC | yfinance | raw OHLC, not adjusted"
2016-01-19,6.550000190734863,6.550000190734863,6.4070000648498535,6.432000160217285,9210000,"KLAC | yfinance | raw OHLC, not adjusted"
2016-01-20,6.421000003814697,6.557000160217285,6.3979997634887695,6.50600004196167,29709000,"KLAC | yfinance | raw OHLC, not adjusted"
2016-01-21,6.53000020980835,6.5320000648498535,6.434999942779541,6.4629998207092285,9811000,"KLAC | yfinance | raw OHLC, not adjusted"
2016-01-22,6.564000129699707,6.586999893188477,6.4670000076293945,6.508999824523926,9953000,"KLAC | yfinance | raw OHLC, not adjusted"
2016-01-25,6.501999855041504,6.526000022888184,6.455999851226807,6.465000152587891,12516000,"KLAC | yfinance | raw OHLC, not adjusted"
2016-01-26,6.464000225067139,6.531000137329102,6.446000099182129,6.513999938964844,10745000,"KLAC | yfinance | raw OHLC, not adjusted"
2016-01-27,6.521999835968018,6.539999961853027,6.431000232696533,6.442999839782715,15780000,"KLAC | yfinance | raw OHLC, not adjusted"
2016-01-28,6.438000202178955,6.633999824523926,6.438000202178955,6.545000076293945,12551000,"KLAC | yfinance | raw OHLC, not adjusted"
2016-01-29,6.627999782562256,6.698999881744385,6.60099983215332,6.698999881744385,24013000,"KLAC | yfinance | raw OHLC, not adjusted"
2016-02-01,6.639999866485596,6.761000156402588,6.635000228881836,6.711999893188477,21423000,"KLAC | yfinance | raw OHLC, not adjusted"
2016-02-02,6.63100004196167,6.677999973297119,6.586999893188477,6.616000175476074,35856000,"KLAC | yfinance | raw OHLC, not adjusted"
2016-02-03,6.658999919891357,6.698999881744385,6.559999942779541,6.679999828338623,15969000,"KLAC | yfinance | raw OHLC, not adjusted"
2016-02-04,6.681000232696533,6.710999965667725,6.632999897003174,6.688000202178955,16638000,"KLAC | yfinance | raw OHLC, not adjusted"
2016-02-05,6.64900016784668,6.695000171661377,6.511000156402588,6.551000118255615,16429000,"KLAC | yfinance | raw OHLC, not adjusted"
2016-02-08,6.460000038146973,6.50600004196167,6.357999801635742,6.414000034332275,13867000,"KLAC | yfinance | raw OHLC, not adjusted"
2016-02-09,6.36299991607666,6.441999912261963,6.3379998207092285,6.395999908447266,21389000,"KLAC | yfinance | raw OHLC, not adjusted"
2016-02-10,6.419000148773193,6.459000110626221,6.379000186920166,6.413000106811523,26750000,"KLAC | yfinance | raw OHLC, not adjusted"
2016-02-11,6.254000186920166,6.335999965667725,6.232999801635742,6.288000106811523,20069000,"KLAC | yfinance | raw OHLC, not adjusted"
2016-02-12,6.328999996185303,6.4070000648498535,6.289000034332275,6.379000186920166,10467000,"KLAC | yfinance | raw OHLC, not adjusted"
2016-02-16,6.423999786376953,6.5320000648498535,6.415999889373779,6.473999977111816,20732000,"KLAC | yfinance | raw OHLC, not adjusted"
2016-02-17,6.489999771118164,6.564000129699707,6.478000164031982,6.557000160217285,23949000,"KLAC | yfinance | raw OHLC, not adjusted"
2016-02-18,6.556000232696533,6.568999767303467,6.48199987411499,6.485000133514404,34073000,"KLAC | yfinance | raw OHLC, not adjusted"
2016-02-19,6.559000015258789,6.666999816894531,6.559000015258789,6.568999767303467,74849000,"KLAC | yfinance | raw OHLC, not adjusted"
2016-02-22,6.598999977111816,6.676000118255615,6.568999767303467,6.613999843597412,49198000,"KLAC | yfinance | raw OHLC, not adjusted"
2016-02-23,6.576000213623047,6.619999885559082,6.5320000648498535,6.567999839782715,13193000,"KLAC | yfinance | raw OHLC, not adjusted"
2016-02-24,6.51200008392334,6.63700008392334,6.51200008392334,6.633999824523926,9136000,"KLAC | yfinance | raw OHLC, not adjusted"
2016-02-25,6.630000114440918,6.745999813079834,6.61899995803833,6.744999885559082,9785000,"KLAC | yfinance | raw OHLC, not adjusted"
2016-02-26,6.76200008392334,6.820000171661377,6.745999813079834,6.796999931335449,18436000,"KLAC | yfinance | raw OHLC, not adjusted"
2016-02-29,6.788000106811523,6.8420000076293945,6.767000198364258,6.77400016784668,17032000,"KLAC | yfinance | raw OHLC, not adjusted"
2016-03-01,6.822000026702881,6.9079999923706055,6.775000095367432,6.8979997634887695,22180000,"KLAC | yfinance | raw OHLC, not adjusted"
2016-03-02,6.889999866485596,6.889999866485596,6.807000160217285,6.8420000076293945,13569000,"KLAC | yfinance | raw OHLC, not adjusted"
2016-03-03,6.835999965667725,6.870999813079834,6.808000087738037,6.869999885559082,14330000,"KLAC | yfinance | raw OHLC, not adjusted"
2016-03-04,6.9039998054504395,6.9039998054504395,6.802999973297119,6.830999851226807,24599000,"KLAC | yfinance | raw OHLC, not adjusted"
2016-03-07,6.809000015258789,6.892000198364258,6.803999900817871,6.883999824523926,6107000,"KLAC | yfinance | raw OHLC, not adjusted"
2016-03-08,6.8420000076293945,6.882999897003174,6.770999908447266,6.7729997634887695,17033000,"KLAC | yfinance | raw OHLC, not adjusted"
2016-03-09,6.794000148773193,6.835999965667725,6.7789998054504395,6.806000232696533,12966000,"KLAC | yfinance | raw OHLC, not adjusted"
2016-03-10,6.813000202178955,6.916999816894531,6.813000202178955,6.869999885559082,18686000,"KLAC | yfinance | raw OHLC, not adjusted"
2016-03-11,6.900000095367432,6.940999984741211,6.876999855041504,6.921999931335449,14439000,"KLAC | yfinance | raw OHLC, not adjusted"
2016-03-14,6.896999835968018,6.961999893188477,6.896999835968018,6.955999851226807,12487000,"KLAC | yfinance | raw OHLC, not adjusted"
2016-03-15,6.922999858856201,6.99399995803833,6.922999858856201,6.9679999351501465,12183000,"KLAC | yfinance | raw OHLC, not adjusted"
2016-03-16,6.941999912261963,7.026000022888184,6.9120001792907715,7.014999866485596,8958000,"KLAC | yfinance | raw OHLC, not adjusted"
2016-03-17,7.046999931335449,7.0960001945495605,7.014999866485596,7.085999965667725,7604000,"KLAC | yfinance | raw OHLC, not adjusted"
2016-03-18,7.107999801635742,7.132999897003174,7.066999912261963,7.118000030517578,14905000,"KLAC | yfinance | raw OHLC, not adjusted"
2016-03-21,7.099999904632568,7.131999969482422,7.077000141143799,7.125999927520752,3607000,"KLAC | yfinance | raw OHLC, not adjusted"
2016-03-22,7.129000186920166,7.1570000648498535,7.098999977111816,7.144000053405762,4971000,"KLAC | yfinance | raw OHLC, not adjusted"
2016-03-23,7.1570000648498535,7.1570000648498535,7.0960001945495605,7.099999904632568,5149000,"KLAC | yfinance | raw OHLC, not adjusted"
2016-03-24,7.091000080108643,7.091000080108643,7.011000156402588,7.079999923706055,8862000,"KLAC | yfinance | raw OHLC, not adjusted"
2016-03-28,7.0960001945495605,7.126999855041504,7.085000038146973,7.085999965667725,6321000,"KLAC | yfinance | raw OHLC, not adjusted"
2016-03-29,7.0960001945495605,7.239999771118164,7.076000213623047,7.236000061035156,9663000,"KLAC | yfinance | raw OHLC, not adjusted"
2016-03-30,7.251999855041504,7.318999767303467,7.239999771118164,7.25600004196167,12205000,"KLAC | yfinance | raw OHLC, not adjusted"
2016-03-31,7.269999980926514,7.296999931335449,7.191999912261963,7.281000137329102,9540000,"KLAC | yfinance | raw OHLC, not adjusted"
2016-04-01,7.27400016784668,7.326000213623047,7.238999843597412,7.304999828338623,8847000,"KLAC | yfinance | raw OHLC, not adjusted"
2016-04-04,7.315999984741211,7.322999954223633,7.25600004196167,7.2829999923706055,8615000,"KLAC | yfinance | raw OHLC, not adjusted"
2016-04-05,7.250999927520752,7.295000076293945,7.2270002365112305,7.236999988555908,6774000,"KLAC | yfinance | raw OHLC, not adjusted"
2016-04-06,7.150000095367432,7.2820000648498535,7.150000095367432,7.27400016784668,11292000,"KLAC | yfinance | raw OHLC, not adjusted"
2016-04-07,7.249000072479248,7.269000053405762,7.179999828338623,7.210999965667725,12329000,"KLAC | yfinance | raw OHLC, not adjusted"
2016-04-08,7.24399995803833,7.271999835968018,7.189000129699707,7.206999778747559,6083000,"KLAC | yfinance | raw OHLC, not adjusted"
2016-04-11,7.243000030517578,7.269999980926514,7.215000152587891,7.2170000076293945,22640000,"KLAC | yfinance | raw OHLC, not adjusted"
2016-04-12,7.2220001220703125,7.241000175476074,7.169000148773193,7.215000152587891,11991000,"KLAC | yfinance | raw OHLC, not adjusted"
2016-04-13,7.2220001220703125,7.290999889373779,7.218999862670898,7.289999961853027,5535000,"KLAC | yfinance | raw OHLC, not adjusted"
2016-04-14,7.23799991607666,7.269999980926514,7.192999839782715,7.249000072479248,5216000,"KLAC | yfinance | raw OHLC, not adjusted"
2016-04-15,7.255000114440918,7.26200008392334,7.188000202178955,7.252999782562256,4939000,"KLAC | yfinance | raw OHLC, not adjusted"
2016-04-18,7.252999782562256,7.288000106811523,7.22599983215332,7.275000095367432,5298000,"KLAC | yfinance | raw OHLC, not adjusted"
2016-04-19,7.289000034332275,7.327000141143799,7.265999794006348,7.311999797821045,6572000,"KLAC | yfinance | raw OHLC, not adjusted"
2016-04-20,7.289999961853027,7.301000118255615,7.205999851226807,7.296999931335449,6343000,"KLAC | yfinance | raw OHLC, not adjusted"
2016-04-21,7.300000190734863,7.359000205993652,7.170000076293945,7.198999881744385,10780000,"KLAC | yfinance | raw OHLC, not adjusted"
2016-04-22,7.204999923706055,7.256999969482422,7.165999889373779,7.190000057220459,7414000,"KLAC | yfinance | raw OHLC, not adjusted"
2016-04-25,7.177999973297119,7.204999923706055,7.138999938964844,7.158999919891357,5883000,"KLAC | yfinance | raw OHLC, not adjusted"
2016-04-26,7.168000221252441,7.229000091552734,7.1519999504089355,7.184000015258789,10686000,"KLAC | yfinance | raw OHLC, not adjusted"
2016-04-27,7.125,7.230000019073486,7.125,7.2230000495910645,12427000,"KLAC | yfinance | raw OHLC, not adjusted"
2016-04-28,7.197000026702881,7.197000026702881,7.072000026702881,7.081999778747559,14857000,"KLAC | yfinance | raw OHLC, not adjusted"
2016-04-29,7.060999870300293,7.066999912261963,6.953999996185303,6.99399995803833,8871000,"KLAC | yfinance | raw OHLC, not adjusted"
2016-05-02,7.0320000648498535,7.0329999923706055,6.973999977111816,7.006999969482422,8717000,"KLAC | yfinance | raw OHLC, not adjusted"
2016-05-03,7.0,7.0,6.938000202178955,6.9629998207092285,8829000,"KLAC | yfinance | raw OHLC, not adjusted"
2016-05-04,6.918000221252441,6.98199987411499,6.9029998779296875,6.909999847412109,4330000,"KLAC | yfinance | raw OHLC, not adjusted"
2016-05-05,6.908999919891357,6.9629998207092285,6.9070000648498535,6.939000129699707,11227000,"KLAC | yfinance | raw OHLC, not adjusted"
2016-05-06,6.919000148773193,6.941999912261963,6.892000198364258,6.935999870300293,7845000,"KLAC | yfinance | raw OHLC, not adjusted"
2016-05-09,6.925000190734863,6.956999778747559,6.896999835968018,6.914000034332275,4100000,"KLAC | yfinance | raw OHLC, not adjusted"
2016-05-10,6.945000171661377,6.986000061035156,6.9120001792907715,6.985000133514404,6834000,"KLAC | yfinance | raw OHLC, not adjusted"
2016-05-11,6.9710001945495605,6.997000217437744,6.958000183105469,6.96999979019165,14040000,"KLAC | yfinance | raw OHLC, not adjusted"
2016-05-12,6.952000141143799,6.956999778747559,6.848999977111816,6.881999969482422,6873000,"KLAC | yfinance | raw OHLC, not adjusted"
2016-05-13,6.866000175476074,6.888999938964844,6.843999862670898,6.860000133514404,6394000,"KLAC | yfinance | raw OHLC, not adjusted"
2016-05-16,6.811999797821045,6.815999984741211,6.73199987411499,6.789999961853027,17140000,"KLAC | yfinance | raw OHLC, not adjusted"
2016-05-17,6.783999919891357,6.823999881744385,6.760000228881836,6.7769999504089355,13651000,"KLAC | yfinance | raw OHLC, not adjusted"
2016-05-18,6.78000020980835,6.863999843597412,6.78000020980835,6.821000099182129,8250000,"KLAC | yfinance | raw OHLC, not adjusted"
2016-05-19,6.800000190734863,6.824999809265137,6.7729997634887695,6.788000106811523,7088000,"KLAC | yfinance | raw OHLC, not adjusted"
2016-05-20,6.843999862670898,6.974999904632568,6.836999893188477,6.959000110626221,10208000,"KLAC | yfinance | raw OHLC, not adjusted"
2016-05-23,6.960999965667725,7.0,6.952000141143799,6.974999904632568,8684000,"KLAC | yfinance | raw OHLC, not adjusted"
2016-05-24,7.0,7.107999801635742,6.995999813079834,7.098999977111816,9444000,"KLAC | yfinance | raw OHLC, not adjusted"
2016-05-25,7.10099983215332,7.177000045776367,7.10099983215332,7.172999858856201,7093000,"KLAC | yfinance | raw OHLC, not adjusted"
2016-05-26,7.168000221252441,7.198999881744385,7.1539998054504395,7.191999912261963,4572000,"KLAC | yfinance | raw OHLC, not adjusted"
2016-05-27,7.190999984741211,7.314000129699707,7.190999984741211,7.298999786376953,6011000,"KLAC | yfinance | raw OHLC, not adjusted"
2016-05-31,7.281000137329102,7.309000015258789,7.254000186920166,7.293000221252441,11571000,"KLAC | yfinance | raw OHLC, not adjusted"
2016-06-01,7.2829999923706055,7.318999767303467,7.255000114440918,7.313000202178955,9348000,"KLAC | yfinance | raw OHLC, not adjusted"
2016-06-02,7.297999858856201,7.364999771118164,7.275000095367432,7.327000141143799,15298000,"KLAC | yfinance | raw OHLC, not adjusted"
2016-06-03,7.313000202178955,7.321000099182129,7.263999938964844,7.309999942779541,6540000,"KLAC | yfinance | raw OHLC, not adjusted"
2016-06-06,7.293000221252441,7.330999851226807,7.26800012588501,7.27400016784668,7494000,"KLAC | yfinance | raw OHLC, not adjusted"
2016-06-07,7.269999980926514,7.316999912261963,7.269000053405762,7.296000003814697,6309000,"KLAC | yfinance | raw OHLC, not adjusted"
2016-06-08,7.308000087738037,7.339000225067139,7.281000137329102,7.317999839782715,5934000,"KLAC | yfinance | raw OHLC, not adjusted"
2016-06-09,7.304999828338623,7.34499979019165,7.26200008392334,7.341000080108643,4661000,"KLAC | yfinance | raw OHLC, not adjusted"
2016-06-10,7.311999797821045,7.311999797821045,7.25600004196167,7.267000198364258,7171000,"KLAC | yfinance | raw OHLC, not adjusted"
2016-06-13,7.236000061035156,7.297999858856201,7.22599983215332,7.250999927520752,7865000,"KLAC | yfinance | raw OHLC, not adjusted"
2016-06-14,7.24399995803833,7.275000095367432,7.216000080108643,7.263000011444092,5081000,"KLAC | yfinance | raw OHLC, not adjusted"
2016-06-15,7.306000232696533,7.318999767303467,7.26200008392334,7.290999889373779,5581000,"KLAC | yfinance | raw OHLC, not adjusted"
2016-06-16,7.269000053405762,7.302000045776367,7.230000019073486,7.2789998054504395,5941000,"KLAC | yfinance | raw OHLC, not adjusted"
2016-06-17,7.2789998054504395,7.302999973297119,7.243000030517578,7.302999973297119,17109000,"KLAC | yfinance | raw OHLC, not adjusted"
2016-06-20,7.329999923706055,7.401000022888184,7.328000068664551,7.364999771118164,10012000,"KLAC | yfinance | raw OHLC, not adjusted"
2016-06-21,7.375,7.40500020980835,7.366000175476074,7.386000156402588,12328000,"KLAC | yfinance | raw OHLC, not adjusted"
2016-06-22,7.395999908447266,7.447000026702881,7.385000228881836,7.429999828338623,13210000,"KLAC | yfinance | raw OHLC, not adjusted"
2016-06-23,7.48799991607666,7.517000198364258,7.456999778747559,7.485000133514404,16375000,"KLAC | yfinance | raw OHLC, not adjusted"
2016-06-24,7.296999931335449,7.446000099182129,7.25,7.255000114440918,18883000,"KLAC | yfinance | raw OHLC, not adjusted"
2016-06-27,7.218999862670898,7.2220001220703125,7.0980000495910645,7.126999855041504,12356000,"KLAC | yfinance | raw OHLC, not adjusted"
2016-06-28,7.160999774932861,7.21999979019165,7.15500020980835,7.198999881744385,21635000,"KLAC | yfinance | raw OHLC, not adjusted"
2016-06-29,7.230000019073486,7.314000129699707,7.15500020980835,7.208000183105469,18964000,"KLAC | yfinance | raw OHLC, not adjusted"
2016-06-30,7.236999988555908,7.324999809265137,7.202000141143799,7.324999809265137,18196000,"KLAC | yfinance | raw OHLC, not adjusted"
2016-07-01,7.300000190734863,7.310999870300293,7.247000217437744,7.25,10987000,"KLAC | yfinance | raw OHLC, not adjusted"
2016-07-05,7.2230000495910645,7.236000061035156,7.168000221252441,7.210999965667725,12240000,"KLAC | yfinance | raw OHLC, not adjusted"
2016-07-06,7.196000099182129,7.234000205993652,7.151000022888184,7.22599983215332,18954000,"KLAC | yfinance | raw OHLC, not adjusted"
2016-07-07,7.216000080108643,7.289999961853027,7.208000183105469,7.223999977111816,18937000,"KLAC | yfinance | raw OHLC, not adjusted"
2016-07-08,7.241000175476074,7.389999866485596,7.234000205993652,7.375,8393000,"KLAC | yfinance | raw OHLC, not adjusted"
2016-07-11,7.3520002365112305,7.455999851226807,7.3520002365112305,7.438000202178955,5608000,"KLAC | yfinance | raw OHLC, not adjusted"
2016-07-12,7.480000019073486,7.5370001792907715,7.461999893188477,7.533999919891357,5786000,"KLAC | yfinance | raw OHLC, not adjusted"
2016-07-13,7.553999900817871,7.589000225067139,7.5370001792907715,7.554999828338623,5432000,"KLAC | yfinance | raw OHLC, not adjusted"
2016-07-14,7.599999904632568,7.610000133514404,7.486999988555908,7.521999835968018,18542000,"KLAC | yfinance | raw OHLC, not adjusted"
2016-07-15,7.538000106811523,7.558000087738037,7.495999813079834,7.513000011444092,16439000,"KLAC | yfinance | raw OHLC, not adjusted"
2016-07-18,7.531000137329102,7.5929999351501465,7.51800012588501,7.5929999351501465,9038000,"KLAC | yfinance | raw OHLC, not adjusted"
2016-07-19,7.570000171661377,7.618000030517578,7.560999870300293,7.59499979019165,6503000,"KLAC | yfinance | raw OHLC, not adjusted"
2016-07-20,7.599999904632568,7.690000057220459,7.581999778747559,7.666999816894531,5867000,"KLAC | yfinance | raw OHLC, not adjusted"
2016-07-21,7.646999835968018,7.651000022888184,7.561999797821045,7.573999881744385,4737000,"KLAC | yfinance | raw OHLC, not adjusted"
2016-07-22,7.572000026702881,7.619999885559082,7.563000202178955,7.605999946594238,4454000,"KLAC | yfinance | raw OHLC, not adjusted"
2016-07-25,7.609000205993652,7.64900016784668,7.5970001220703125,7.64900016784668,3448000,"KLAC | yfinance | raw OHLC, not adjusted"
2016-07-26,7.682000160217285,7.72599983215332,7.635000228881836,7.698999881744385,5538000,"KLAC | yfinance | raw OHLC, not adjusted"
2016-07-27,7.697999954223633,7.73199987411499,7.6620001792907715,7.699999809265137,4916000,"KLAC | yfinance | raw OHLC, not adjusted"
2016-07-28,7.73799991607666,7.784999847412109,7.688000202178955,7.744999885559082,9461000,"KLAC | yfinance | raw OHLC, not adjusted"
2016-07-29,7.71999979019165,7.738999843597412,7.546000003814697,7.571000099182129,14463000,"KLAC | yfinance | raw OHLC, not adjusted"
2016-08-01,7.561999797821045,7.6579999923706055,7.558000087738037,7.6579999923706055,7632000,"KLAC | yfinance | raw OHLC, not adjusted"
2016-08-02,7.644000053405762,7.650000095367432,7.541999816894531,7.572000026702881,8729000,"KLAC | yfinance | raw OHLC, not adjusted"
2016-08-03,7.559999942779541,7.610000133514404,7.556000232696533,7.609000205993652,9999000,"KLAC | yfinance | raw OHLC, not adjusted"
2016-08-04,7.59499979019165,7.681000232696533,7.59499979019165,7.679999828338623,4014000,"KLAC | yfinance | raw OHLC, not adjusted"
2016-08-05,7.693999767303467,7.763000011444092,7.679999828338623,7.763000011444092,4312000,"KLAC | yfinance | raw OHLC, not adjusted"
2016-08-08,7.761000156402588,7.763000011444092,7.702000141143799,7.702000141143799,5169000,"KLAC | yfinance | raw OHLC, not adjusted"
2016-08-09,7.710000038146973,7.750999927520752,7.676000118255615,7.741000175476074,2699000,"KLAC | yfinance | raw OHLC, not adjusted"
2016-08-10,7.644999980926514,7.644999980926514,6.909999847412109,6.947000026702881,73693000,"KLAC | yfinance | raw OHLC, not adjusted"
2016-08-11,6.986000061035156,7.015999794006348,6.688000202178955,6.750999927520752,34235000,"KLAC | yfinance | raw OHLC, not adjusted"
2016-08-12,6.796999931335449,6.8520002365112305,6.7230000495910645,6.828000068664551,28959000,"KLAC | yfinance | raw OHLC, not adjusted"
2016-08-15,6.828000068664551,6.951000213623047,6.815999984741211,6.943999767303467,20213000,"KLAC | yfinance | raw OHLC, not adjusted"
2016-08-16,6.910999774932861,6.938000202178955,6.89300012588501,6.919000148773193,12184000,"KLAC | yfinance | raw OHLC, not adjusted"
2016-08-17,6.9079999923706055,6.985000133514404,6.864999771118164,6.964000225067139,10446000,"KLAC | yfinance | raw OHLC, not adjusted"
2016-08-18,6.953999996185303,6.98799991607666,6.940000057220459,6.9730000495910645,6080000,"KLAC | yfinance | raw OHLC, not adjusted"
2016-08-19,6.989999771118164,7.113999843597412,6.986999988555908,7.09499979019165,16363000,"KLAC | yfinance | raw OHLC, not adjusted"
2016-08-22,7.079999923706055,7.122000217437744,7.034999847412109,7.052000045776367,10075000,"KLAC | yfinance | raw OHLC, not adjusted"
2016-08-23,7.076000213623047,7.113999843597412,6.770999908447266,6.804999828338623,24418000,"KLAC | yfinance | raw OHLC, not adjusted"
2016-08-24,6.800000190734863,6.814000129699707,6.702000141143799,6.7170000076293945,13224000,"KLAC | yfinance | raw OHLC, not adjusted"
2016-08-25,6.7210001945495605,6.747000217437744,6.697000026702881,6.730000019073486,13656000,"KLAC | yfinance | raw OHLC, not adjusted"
2016-08-26,6.728000164031982,6.763999938964844,6.689000129699707,6.751999855041504,14008000,"KLAC | yfinance | raw OHLC, not adjusted"
2016-08-29,6.857999801635742,6.973999977111816,6.829999923706055,6.873000144958496,19676000,"KLAC | yfinance | raw OHLC, not adjusted"
2016-08-30,6.88700008392334,6.9029998779296875,6.802999973297119,6.835999965667725,11286000,"KLAC | yfinance | raw OHLC, not adjusted"
2016-08-31,6.811999797821045,6.932000160217285,6.794000148773193,6.926000118255615,28300000,"KLAC | yfinance | raw OHLC, not adjusted"
2016-09-01,6.955999851226807,7.077000141143799,6.934000015258789,7.073999881744385,19350000,"KLAC | yfinance | raw OHLC, not adjusted"
2016-09-02,7.099999904632568,7.116000175476074,6.995999813079834,7.019999980926514,8524000,"KLAC | yfinance | raw OHLC, not adjusted"
2016-09-06,7.046000003814697,7.063000202178955,6.894000053405762,7.053999900817871,11789000,"KLAC | yfinance | raw OHLC, not adjusted"
2016-09-07,7.080999851226807,7.080999851226807,7.0,7.079999923706055,14605000,"KLAC | yfinance | raw OHLC, not adjusted"
2016-09-08,7.065999984741211,7.072999954223633,7.01800012588501,7.046000003814697,9726000,"KLAC | yfinance | raw OHLC, not adjusted"
2016-09-09,7.019000053405762,7.039000034332275,6.928999900817871,6.942999839782715,16875000,"KLAC | yfinance | raw OHLC, not adjusted"
2016-09-12,6.901000022888184,7.065999984741211,6.870999813079834,7.061999797821045,13111000,"KLAC | yfinance | raw OHLC, not adjusted"
2016-09-13,7.104000091552734,7.105000019073486,6.849999904632568,6.9029998779296875,11075000,"KLAC | yfinance | raw OHLC, not adjusted"
2016-09-14,6.89900016784668,6.935999870300293,6.854000091552734,6.889999866485596,10119000,"KLAC | yfinance | raw OHLC, not adjusted"
2016-09-15,6.875,7.040999889373779,6.875,7.026000022888184,24496000,"KLAC | yfinance | raw OHLC, not adjusted"
2016-09-16,7.008999824523926,7.039999961853027,6.942999839782715,7.0229997634887695,15146000,"KLAC | yfinance | raw OHLC, not adjusted"
2016-09-19,7.039999961853027,7.048999786376953,6.940000057220459,6.968999862670898,12062000,"KLAC | yfinance | raw OHLC, not adjusted"
2016-09-20,7.002999782562256,7.010000228881836,6.918000221252441,6.918000221252441,8313000,"KLAC | yfinance | raw OHLC, not adjusted"
2016-09-21,6.915999889373779,7.020999908447266,6.910999774932861,6.979000091552734,14526000,"KLAC | yfinance | raw OHLC, not adjusted"
2016-09-22,7.031000137329102,7.031000137329102,6.932000160217285,6.951000213623047,15655000,"KLAC | yfinance | raw OHLC, not adjusted"
2016-09-23,6.921999931335449,6.992000102996826,6.918000221252441,6.932000160217285,5528000,"KLAC | yfinance | raw OHLC, not adjusted"
2016-09-26,6.926000118255615,6.986000061035156,6.875999927520752,6.900000095367432,8466000,"KLAC | yfinance | raw OHLC, not adjusted"
2016-09-27,6.894000053405762,7.0,6.892000198364258,7.0,12275000,"KLAC | yfinance | raw OHLC, not adjusted"
2016-09-28,7.0,7.02400016784668,6.949999809265137,6.985000133514404,10563000,"KLAC | yfinance | raw OHLC, not adjusted"
2016-09-29,6.948999881744385,6.956999778747559,6.8429999351501465,6.876999855041504,34679000,"KLAC | yfinance | raw OHLC, not adjusted"
2016-09-30,6.889999866485596,6.986000061035156,6.86299991607666,6.9710001945495605,14662000,"KLAC | yfinance | raw OHLC, not adjusted"
2016-10-03,6.994999885559082,7.0980000495910645,6.974999904632568,7.040999889373779,18226000,"KLAC | yfinance | raw OHLC, not adjusted"
2016-10-04,7.035999774932861,7.078999996185303,7.001999855041504,7.03000020980835,17950000,"KLAC | yfinance | raw OHLC, not adjusted"
2016-10-05,7.043000221252441,7.132999897003174,7.002999782562256,7.120999813079834,16595000,"KLAC | yfinance | raw OHLC, not adjusted"
2016-10-06,7.196000099182129,7.239999771118164,7.0370001792907715,7.178999900817871,151089000,"KLAC | yfinance | raw OHLC, not adjusted"
2016-10-07,7.2220001220703125,7.2789998054504395,7.145999908447266,7.267000198364258,77335000,"KLAC | yfinance | raw OHLC, not adjusted"
2016-10-10,7.298999786376953,7.370999813079834,7.275000095367432,7.354000091552734,49080000,"KLAC | yfinance | raw OHLC, not adjusted"
2016-10-11,7.349999904632568,7.367000102996826,7.210999965667725,7.238999843597412,38050000,"KLAC | yfinance | raw OHLC, not adjusted"
2016-10-12,7.230000019073486,7.249000072479248,7.144999980926514,7.210000038146973,28182000,"KLAC | yfinance | raw OHLC, not adjusted"
2016-10-13,7.1579999923706055,7.158999919891357,7.072000026702881,7.133999824523926,27048000,"KLAC | yfinance | raw OHLC, not adjusted"
2016-10-14,7.181000232696533,7.236000061035156,7.146999835968018,7.197000026702881,28323000,"KLAC | yfinance | raw OHLC, not adjusted"
2016-10-17,7.340000152587891,7.341000080108643,7.178999900817871,7.198999881744385,29903000,"KLAC | yfinance | raw OHLC, not adjusted"
2016-10-18,7.247000217437744,7.247000217437744,7.193999767303467,7.209000110626221,14755000,"KLAC | yfinance | raw OHLC, not adjusted"
2016-10-19,7.208000183105469,7.2170000076293945,7.136000156402588,7.193999767303467,27917000,"KLAC | yfinance | raw OHLC, not adjusted"
2016-10-20,7.192999839782715,7.255000114440918,7.111000061035156,7.198999881744385,30706000,"KLAC | yfinance | raw OHLC, not adjusted"
2016-10-21,7.498000144958496,7.5,7.288000106811523,7.363999843597412,42145000,"KLAC | yfinance | raw OHLC, not adjusted"
2016-10-24,7.367000102996826,7.460999965667725,7.367000102996826,7.455999851226807,24098000,"KLAC | yfinance | raw OHLC, not adjusted"
2016-10-25,7.434000015258789,7.5,7.38700008392334,7.489999771118164,31172000,"KLAC | yfinance | raw OHLC, not adjusted"
2016-10-26,7.449999809265137,7.540999889373779,7.434999942779541,7.5289998054504395,18789000,"KLAC | yfinance | raw OHLC, not adjusted"
2016-10-27,7.548999786376953,7.550000190734863,7.436999797821045,7.4720001220703125,24947000,"KLAC | yfinance | raw OHLC, not adjusted"
2016-10-28,7.4730000495910645,7.51200008392334,7.410999774932861,7.466000080108643,17837000,"KLAC | yfinance | raw OHLC, not adjusted"
2016-10-31,7.480000019073486,7.5370001792907715,7.453000068664551,7.511000156402588,19346000,"KLAC | yfinance | raw OHLC, not adjusted"
2016-11-01,7.504000186920166,7.519000053405762,7.329999923706055,7.389999866485596,15552000,"KLAC | yfinance | raw OHLC, not adjusted"
2016-11-02,7.377999782562256,7.500999927520752,7.35099983215332,7.4730000495910645,20786000,"KLAC | yfinance | raw OHLC, not adjusted"
2016-11-03,7.486000061035156,7.51200008392334,7.453999996185303,7.4679999351501465,21007000,"KLAC | yfinance | raw OHLC, not adjusted"
2016-11-04,7.474999904632568,7.519000053405762,7.434999942779541,7.452000141143799,14529000,"KLAC | yfinance | raw OHLC, not adjusted"
2016-11-07,7.539999961853027,7.578999996185303,7.465000152587891,7.553999900817871,23365000,"KLAC | yfinance | raw OHLC, not adjusted"
2016-11-08,7.566999912261963,7.585999965667725,7.505000114440918,7.552999973297119,25353000,"KLAC | yfinance | raw OHLC, not adjusted"
2016-11-09,7.426000118255615,7.567999839782715,7.39900016784668,7.548999786376953,16147000,"KLAC | yfinance | raw OHLC, not adjusted"
2016-11-10,7.545000076293945,7.633999824523926,7.427999973297119,7.451000213623047,19557000,"KLAC | yfinance | raw OHLC, not adjusted"
2016-11-11,7.423999786376953,7.550000190734863,7.420000076293945,7.546000003814697,10107000,"KLAC | yfinance | raw OHLC, not adjusted"
2016-11-14,7.578999996185303,7.64300012588501,7.546999931335449,7.547999858856201,12709000,"KLAC | yfinance | raw OHLC, not adjusted"
2016-11-15,7.635000228881836,7.7829999923706055,7.544000148773193,7.775000095367432,17457000,"KLAC | yfinance | raw OHLC, not adjusted"
2016-11-16,7.747000217437744,7.785999774932861,7.723999977111816,7.769999980926514,9300000,"KLAC | yfinance | raw OHLC, not adjusted"
2016-11-17,7.788000106811523,7.984000205993652,7.769999980926514,7.90500020980835,16706000,"KLAC | yfinance | raw OHLC, not adjusted"
2016-11-18,7.9029998779296875,8.02400016784668,7.848999977111816,8.003999710083008,20123000,"KLAC | yfinance | raw OHLC, not adjusted"
2016-11-21,8.005000114440918,8.175000190734863,7.973999977111816,8.095999717712402,18237000,"KLAC | yfinance | raw OHLC, not adjusted"
2016-11-22,8.121000289916992,8.322999954223633,8.11299991607666,8.303999900817871,34311000,"KLAC | yfinance | raw OHLC, not adjusted"
2016-11-23,8.300000190734863,8.300000190734863,8.142999649047852,8.182999610900879,31742000,"KLAC | yfinance | raw OHLC, not adjusted"
2016-11-25,8.190999984741211,8.227999687194824,8.166000366210938,8.22700023651123,4002000,"KLAC | yfinance | raw OHLC, not adjusted"
2016-11-28,8.199000358581543,8.314000129699707,8.196999549865723,8.25100040435791,8397000,"KLAC | yfinance | raw OHLC, not adjusted"
2016-11-29,8.258000373840332,8.269000053405762,8.164999961853027,8.168000221252441,14604000,"KLAC | yfinance | raw OHLC, not adjusted"
2016-11-30,8.178000450134277,8.199999809265137,7.984000205993652,7.984000205993652,22178000,"KLAC | yfinance | raw OHLC, not adjusted"
2016-12-01,7.968999862670898,7.997000217437744,7.47599983215332,7.5929999351501465,34354000,"KLAC | yfinance | raw OHLC, not adjusted"
2016-12-02,7.599999904632568,7.684000015258789,7.466000080108643,7.625999927520752,27184000,"KLAC | yfinance | raw OHLC, not adjusted"
2016-12-05,7.625999927520752,7.794000148773193,7.620999813079834,7.703000068664551,14024000,"KLAC | yfinance | raw OHLC, not adjusted"
2016-12-06,7.698999881744385,7.836999893188477,7.644999980926514,7.811999797821045,12770000,"KLAC | yfinance | raw OHLC, not adjusted"
2016-12-07,7.802000045776367,8.0,7.789999961853027,7.926000118255615,17653000,"KLAC | yfinance | raw OHLC, not adjusted"
2016-12-08,7.925000190734863,7.9710001945495605,7.831999778747559,7.885000228881836,10312000,"KLAC | yfinance | raw OHLC, not adjusted"
2016-12-09,7.9019999504089355,7.9019999504089355,7.681000232696533,7.7210001945495605,15388000,"KLAC | yfinance | raw OHLC, not adjusted"
2016-12-12,7.734000205993652,7.75,7.656000137329102,7.73199987411499,13882000,"KLAC | yfinance | raw OHLC, not adjusted"
2016-12-13,7.757999897003174,7.9039998054504395,7.757999897003174,7.796999931335449,13567000,"KLAC | yfinance | raw OHLC, not adjusted"
2016-12-14,7.933000087738037,8.045000076293945,7.750999927520752,7.781000137329102,22411000,"KLAC | yfinance | raw OHLC, not adjusted"
2016-12-15,7.791999816894531,8.067999839782715,7.734000205993652,7.935999870300293,22267000,"KLAC | yfinance | raw OHLC, not adjusted"
2016-12-16,7.961999893188477,8.043000221252441,7.783999919891357,7.818999767303467,76740000,"KLAC | yfinance | raw OHLC, not adjusted"
2016-12-19,7.941999912261963,8.067999839782715,7.881999969482422,7.936999797821045,19164000,"KLAC | yfinance | raw OHLC, not adjusted"
2016-12-20,7.9730000495910645,7.999000072479248,7.868000030517578,7.888000011444092,9086000,"KLAC | yfinance | raw OHLC, not adjusted"
2016-12-21,7.909999847412109,7.933000087738037,7.866000175476074,7.8979997634887695,7985000,"KLAC | yfinance | raw OHLC, not adjusted"
2016-12-22,7.8979997634887695,7.934999942779541,7.8379998207092285,7.914999961853027,15073000,"KLAC | yfinance | raw OHLC, not adjusted"
2016-12-23,7.921999931335449,7.932000160217285,7.853000164031982,7.9120001792907715,4885000,"KLAC | yfinance | raw OHLC, not adjusted"
2016-12-27,7.919000148773193,8.04800033569336,7.908999919891357,8.001999855041504,7334000,"KLAC | yfinance | raw OHLC, not adjusted"
2016-12-28,8.095999717712402,8.168999671936035,7.9720001220703125,7.97599983215332,10579000,"KLAC | yfinance | raw OHLC, not adjusted"
2016-12-29,7.958000183105469,7.978000164031982,7.8520002365112305,7.928999900817871,6360000,"KLAC | yfinance | raw OHLC, not adjusted"
2016-12-30,7.928999900817871,7.953999996185303,7.811999797821045,7.868000030517578,7840000,"KLAC | yfinance | raw OHLC, not adjusted"
2017-01-03,7.896999835968018,8.045000076293945,7.8480000495910645,7.940999984741211,13306000,"KLAC | yfinance | raw OHLC, not adjusted"
2017-01-04,7.920000076293945,7.947000026702881,7.8429999351501465,7.913000106811523,11657000,"KLAC | yfinance | raw OHLC, not adjusted"
2017-01-05,7.875999927520752,7.927000045776367,7.785999774932861,7.8420000076293945,13172000,"KLAC | yfinance | raw OHLC, not adjusted"
2017-01-06,7.86299991607666,7.916999816894531,7.791999816894531,7.913000106811523,9427000,"KLAC | yfinance | raw OHLC, not adjusted"
2017-01-09,7.921000003814697,8.010000228881836,7.916999816894531,7.959000110626221,10406000,"KLAC | yfinance | raw OHLC, not adjusted"
2017-01-10,7.960000038146973,7.96999979019165,7.882999897003174,7.933000087738037,5619000,"KLAC | yfinance | raw OHLC, not adjusted"
2017-01-11,7.923999786376953,8.045999526977539,7.9029998779296875,8.027000427246094,12077000,"KLAC | yfinance | raw OHLC, not adjusted"
2017-01-12,8.017999649047852,8.020999908447266,7.947000026702881,8.010000228881836,9040000,"KLAC | yfinance | raw OHLC, not adjusted"
2017-01-13,8.012999534606934,8.157999992370605,8.01099967956543,8.144000053405762,11480000,"KLAC | yfinance | raw OHLC, not adjusted"
2017-01-17,8.137999534606934,8.137999534606934,7.920000076293945,8.0,11990000,"KLAC | yfinance | raw OHLC, not adjusted"
2017-01-18,8.034000396728516,8.168999671936035,8.003000259399414,8.163000106811523,12974000,"KLAC | yfinance | raw OHLC, not adjusted"
2017-01-19,8.166999816894531,8.189000129699707,8.081999778747559,8.114999771118164,9108000,"KLAC | yfinance | raw OHLC, not adjusted"
2017-01-20,8.100000381469727,8.187999725341797,8.067999839782715,8.156000137329102,9651000,"KLAC | yfinance | raw OHLC, not adjusted"
2017-01-23,8.168999671936035,8.211000442504883,8.138999938964844,8.210000038146973,10293000,"KLAC | yfinance | raw OHLC, not adjusted"
2017-01-24,8.222999572753906,8.305000305175781,8.187999725341797,8.279999732971191,11351000,"KLAC | yfinance | raw OHLC, not adjusted"
2017-01-25,8.359999656677246,8.513999938964844,8.312999725341797,8.467000007629395,20064000,"KLAC | yfinance | raw OHLC, not adjusted"
2017-01-26,8.46500015258789,8.482000350952148,8.29699993133545,8.324999809265137,27157000,"KLAC | yfinance | raw OHLC, not adjusted"
2017-01-27,8.597000122070312,8.795999526977539,8.52299976348877,8.616000175476074,32535000,"KLAC | yfinance | raw OHLC, not adjusted"
2017-01-30,8.598999977111816,8.656000137329102,8.517999649047852,8.625,16347000,"KLAC | yfinance | raw OHLC, not adjusted"
2017-01-31,8.623000144958496,8.623000144958496,8.456999778747559,8.51099967956543,14927000,"KLAC | yfinance | raw OHLC, not adjusted"
2017-02-01,8.553999900817871,8.605999946594238,8.489999771118164,8.604000091552734,13996000,"KLAC | yfinance | raw OHLC, not adjusted"
2017-02-02,8.593999862670898,8.756999969482422,8.532999992370605,8.736000061035156,16129000,"KLAC | yfinance | raw OHLC, not adjusted"
2017-02-03,8.791000366210938,8.812000274658203,8.718000411987305,8.758999824523926,12981000,"KLAC | yfinance | raw OHLC, not adjusted"
2017-02-06,8.72700023651123,8.789999961853027,8.6899995803833,8.699999809265137,11609000,"KLAC | yfinance | raw OHLC, not adjusted"
2017-02-07,8.689000129699707,8.772000312805176,8.689000129699707,8.765999794006348,12570000,"KLAC | yfinance | raw OHLC, not adjusted"
2017-02-08,8.776000022888184,8.782999992370605,8.687000274658203,8.687000274658203,10318000,"KLAC | yfinance | raw OHLC, not adjusted"
2017-02-09,8.6850004196167,8.729000091552734,8.64900016784668,8.673999786376953,8117000,"KLAC | yfinance | raw OHLC, not adjusted"
2017-02-10,8.696000099182129,8.723999977111816,8.633000373840332,8.663999557495117,14221000,"KLAC | yfinance | raw OHLC, not adjusted"
2017-02-13,8.680000305175781,8.748000144958496,8.67199993133545,8.722000122070312,6983000,"KLAC | yfinance | raw OHLC, not adjusted"
2017-02-14,8.715999603271484,8.729000091552734,8.63599967956543,8.699000358581543,14088000,"KLAC | yfinance | raw OHLC, not adjusted"
2017-02-15,8.699000358581543,8.78600025177002,8.668999671936035,8.767999649047852,7437000,"KLAC | yfinance | raw OHLC, not adjusted"
2017-02-16,8.791000366210938,8.857999801635742,8.717000007629395,8.852999687194824,19363000,"KLAC | yfinance | raw OHLC, not adjusted"
2017-02-17,8.826000213623047,8.847000122070312,8.741000175476074,8.845999717712402,14312000,"KLAC | yfinance | raw OHLC, not adjusted"
2017-02-21,8.869999885559082,9.050000190734863,8.829999923706055,9.045000076293945,13011000,"KLAC | yfinance | raw OHLC, not adjusted"
2017-02-22,9.015000343322754,9.039999961853027,8.956000328063965,9.027000427246094,8365000,"KLAC | yfinance | raw OHLC, not adjusted"
2017-02-23,9.03499984741211,9.088000297546387,8.934000015258789,8.989999771118164,8086000,"KLAC | yfinance | raw OHLC, not adjusted"
2017-02-24,8.946000099182129,9.03499984741211,8.91100025177002,9.029000282287598,7624000,"KLAC | yfinance | raw OHLC, not adjusted"
2017-02-27,9.045999526977539,9.045999526977539,8.951000213623047,9.022000312805176,4371000,"KLAC | yfinance | raw OHLC, not adjusted"
2017-02-28,9.026000022888184,9.045999526977539,8.977999687194824,9.01200008392334,9899000,"KLAC | yfinance | raw OHLC, not adjusted"
2017-03-01,9.065999984741211,9.164999961853027,8.986000061035156,9.144000053405762,13142000,"KLAC | yfinance | raw OHLC, not adjusted"
2017-03-02,9.135000228881836,9.157999992370605,9.0649995803833,9.072999954223633,10912000,"KLAC | yfinance | raw OHLC, not adjusted"
2017-03-03,9.093000411987305,9.10200023651123,8.987000465393066,9.041999816894531,7517000,"KLAC | yfinance | raw OHLC, not adjusted"
2017-03-06,9.003000259399414,9.105999946594238,8.960000038146973,9.081999778747559,7749000,"KLAC | yfinance | raw OHLC, not adjusted"
2017-03-07,9.052000045776367,9.142999649047852,8.95199966430664,9.104000091552734,8791000,"KLAC | yfinance | raw OHLC, not adjusted"
2017-03-08,9.126999855041504,9.189000129699707,9.079000473022461,9.154999732971191,10894000,"KLAC | yfinance | raw OHLC, not adjusted"
2017-03-09,9.177000045776367,9.192000389099121,9.105999946594238,9.178999900817871,10220000,"KLAC | yfinance | raw OHLC, not adjusted"
2017-03-10,9.258999824523926,9.321999549865723,9.189000129699707,9.319999694824219,13866000,"KLAC | yfinance | raw OHLC, not adjusted"
2017-03-13,9.29699993133545,9.335000038146973,9.241000175476074,9.28600025177002,11137000,"KLAC | yfinance | raw OHLC, not adjusted"
2017-03-14,9.28600025177002,9.33899974822998,9.204999923706055,9.286999702453613,7123000,"KLAC | yfinance | raw OHLC, not adjusted"
2017-03-15,9.3100004196167,9.364999771118164,9.263999938964844,9.361000061035156,7849000,"KLAC | yfinance | raw OHLC, not adjusted"
2017-03-16,9.361000061035156,9.465999603271484,9.352999687194824,9.420000076293945,8436000,"KLAC | yfinance | raw OHLC, not adjusted"
2017-03-17,9.442999839782715,9.527000427246094,9.39900016784668,9.468999862670898,19823000,"KLAC | yfinance | raw OHLC, not adjusted"
2017-03-20,9.501999855041504,9.633999824523926,9.461000442504883,9.51200008392334,10136000,"KLAC | yfinance | raw OHLC, not adjusted"
2017-03-21,9.534000396728516,9.574000358581543,9.324000358581543,9.418999671936035,11103000,"KLAC | yfinance | raw OHLC, not adjusted"
2017-03-22,9.45300006866455,9.564000129699707,9.39900016784668,9.557000160217285,10765000,"KLAC | yfinance | raw OHLC, not adjusted"
2017-03-23,9.557999610900879,9.600000381469727,9.484999656677246,9.52299976348877,7668000,"KLAC | yfinance | raw OHLC, not adjusted"
2017-03-24,9.604999542236328,9.690999984741211,9.529999732971191,9.571999549865723,5146000,"KLAC | yfinance | raw OHLC, not adjusted"
2017-03-27,9.532999992370605,9.611000061035156,9.461000442504883,9.579999923706055,5720000,"KLAC | yfinance | raw OHLC, not adjusted"
2017-03-28,9.579000473022461,9.619999885559082,9.520999908447266,9.5649995803833,7329000,"KLAC | yfinance | raw OHLC, not adjusted"
2017-03-29,9.543999671936035,9.567000389099121,9.503999710083008,9.545000076293945,6368000,"KLAC | yfinance | raw OHLC, not adjusted"
2017-03-30,9.574000358581543,9.612000465393066,9.545999526977539,9.564000129699707,3956000,"KLAC | yfinance | raw OHLC, not adjusted"
2017-03-31,9.538000106811523,9.642999649047852,9.473999977111816,9.506999969482422,7724000,"KLAC | yfinance | raw OHLC, not adjusted"
2017-04-03,9.534000396728516,9.637999534606934,9.480999946594238,9.597000122070312,9634000,"KLAC | yfinance | raw OHLC, not adjusted"
2017-04-04,9.597000122070312,9.666000366210938,9.586999893188477,9.645999908447266,9671000,"KLAC | yfinance | raw OHLC, not adjusted"
2017-04-05,9.647000312805176,9.74899959564209,9.555999755859375,9.572999954223633,11228000,"KLAC | yfinance | raw OHLC, not adjusted"
2017-04-06,9.572999954223633,9.619000434875488,9.48799991607666,9.616999626159668,9807000,"KLAC | yfinance | raw OHLC, not adjusted"
2017-04-07,9.62399959564209,9.666000366210938,9.607999801635742,9.654000282287598,11281000,"KLAC | yfinance | raw OHLC, not adjusted"
2017-04-10,9.675000190734863,9.696999549865723,9.585000038146973,9.633000373840332,14727000,"KLAC | yfinance | raw OHLC, not adjusted"
2017-04-11,9.614999771118164,9.619000434875488,9.361000061035156,9.550000190734863,14061000,"KLAC | yfinance | raw OHLC, not adjusted"
2017-04-12,9.576000213623047,9.598999977111816,9.472999572753906,9.520999908447266,10410000,"KLAC | yfinance | raw OHLC, not adjusted"
2017-04-13,9.498000144958496,9.630999565124512,9.42199993133545,9.532999992370605,11349000,"KLAC | yfinance | raw OHLC, not adjusted"
2017-04-17,9.45199966430664,9.574000358581543,9.432999610900879,9.550000190734863,15429000,"KLAC | yfinance | raw OHLC, not adjusted"
2017-04-18,9.494000434875488,9.585000038146973,9.432000160217285,9.460000038146973,14160000,"KLAC | yfinance | raw OHLC, not adjusted"
2017-04-19,9.569000244140625,9.765999794006348,9.557000160217285,9.758999824523926,15631000,"KLAC | yfinance | raw OHLC, not adjusted"
2017-04-20,9.800000190734863,9.881999969482422,9.76200008392334,9.85099983215332,10220000,"KLAC | yfinance | raw OHLC, not adjusted"
2017-04-21,9.857000350952148,9.864999771118164,9.767000198364258,9.836999893188477,7991000,"KLAC | yfinance | raw OHLC, not adjusted"
2017-04-24,9.970999717712402,10.097999572753906,9.920999526977539,10.083000183105469,14190000,"KLAC | yfinance | raw OHLC, not adjusted"
2017-04-25,10.112000465393066,10.180999755859375,10.043999671936035,10.170999526977539,10077000,"KLAC | yfinance | raw OHLC, not adjusted"
2017-04-26,10.178000450134277,10.178000450134277,10.062999725341797,10.079999923706055,7911000,"KLAC | yfinance | raw OHLC, not adjusted"
2017-04-27,10.128999710083008,10.42199993133545,10.128999710083008,10.359000205993652,27063000,"KLAC | yfinance | raw OHLC, not adjusted"
2017-04-28,10.027999877929688,10.39799976348877,9.784000396728516,9.821999549865723,30664000,"KLAC | yfinance | raw OHLC, not adjusted"
2017-05-01,9.871000289916992,9.949999809265137,9.746999740600586,9.916999816894531,18015000,"KLAC | yfinance | raw OHLC, not adjusted"
2017-05-02,9.937000274658203,9.979000091552734,9.847000122070312,9.972000122070312,14839000,"KLAC | yfinance | raw OHLC, not adjusted"
2017-05-03,9.968000411987305,10.001999855041504,9.909000396728516,9.944999694824219,10193000,"KLAC | yfinance | raw OHLC, not adjusted"
2017-05-04,10.020000457763672,10.085000038146973,9.958999633789062,10.081000328063965,9035000,"KLAC | yfinance | raw OHLC, not adjusted"
2017-05-05,10.147000312805176,10.180000305175781,9.979999542236328,10.093999862670898,9861000,"KLAC | yfinance | raw OHLC, not adjusted"
2017-05-08,10.10099983215332,10.102999687194824,10.024999618530273,10.050000190734863,9684000,"KLAC | yfinance | raw OHLC, not adjusted"
2017-05-09,10.069999694824219,10.147000312805176,10.060999870300293,10.081000328063965,7876000,"KLAC | yfinance | raw OHLC, not adjusted"
2017-05-10,10.11400032043457,10.128999710083008,10.039999961853027,10.076000213623047,11550000,"KLAC | yfinance | raw OHLC, not adjusted"
2017-05-11,10.029000282287598,10.072999954223633,9.956999778747559,10.026000022888184,8668000,"KLAC | yfinance | raw OHLC, not adjusted"
2017-05-12,10.038999557495117,10.100000381469727,9.949999809265137,10.003999710083008,9075000,"KLAC | yfinance | raw OHLC, not adjusted"
2017-05-15,10.008999824523926,10.180999755859375,10.008999824523926,10.125,15063000,"KLAC | yfinance | raw OHLC, not adjusted"
2017-05-16,10.166999816894531,10.237000465393066,10.147000312805176,10.232999801635742,11582000,"KLAC | yfinance | raw OHLC, not adjusted"
2017-05-17,10.142000198364258,10.152999877929688,9.982999801635742,9.98799991607666,13434000,"KLAC | yfinance | raw OHLC, not adjusted"
2017-05-18,9.96500015258789,10.112000465393066,9.916000366210938,10.085000038146973,13877000,"KLAC | yfinance | raw OHLC, not adjusted"
2017-05-19,10.13599967956543,10.255999565124512,10.109999656677246,10.178000450134277,9703000,"KLAC | yfinance | raw OHLC, not adjusted"
2017-05-22,10.220000267028809,10.288000106811523,10.163000106811523,10.270999908447266,9023000,"KLAC | yfinance | raw OHLC, not adjusted"
2017-05-23,10.29699993133545,10.307999610900879,10.204000473022461,10.24899959564209,9521000,"KLAC | yfinance | raw OHLC, not adjusted"
2017-05-24,10.310999870300293,10.36400032043457,10.26099967956543,10.32800006866455,6814000,"KLAC | yfinance | raw OHLC, not adjusted"
2017-05-25,10.350000381469727,10.513999938964844,10.335000038146973,10.484999656677246,6918000,"KLAC | yfinance | raw OHLC, not adjusted"
2017-05-26,10.475000381469727,10.479999542236328,10.390999794006348,10.473999977111816,5663000,"KLAC | yfinance | raw OHLC, not adjusted"
2017-05-30,10.484999656677246,10.567000389099121,10.45199966430664,10.454000473022461,10628000,"KLAC | yfinance | raw OHLC, not adjusted"
2017-05-31,10.510000228881836,10.515000343322754,10.338000297546387,10.399999618530273,20057000,"KLAC | yfinance | raw OHLC, not adjusted"
2017-06-01,10.399999618530273,10.510000228881836,10.399999618530273,10.475000381469727,13862000,"KLAC | yfinance | raw OHLC, not adjusted"
2017-06-02,10.550999641418457,10.593000411987305,10.482000350952148,10.588000297546387,18405000,"KLAC | yfinance | raw OHLC, not adjusted"
2017-06-05,10.59000015258789,10.678999900817871,10.553000450134277,10.640000343322754,12275000,"KLAC | yfinance | raw OHLC, not adjusted"
2017-06-06,10.638999938964844,10.82800006866455,10.569999694824219,10.779999732971191,14139000,"KLAC | yfinance | raw OHLC, not adjusted"
2017-06-07,10.800000190734863,10.892999649047852,10.765000343322754,10.866999626159668,10991000,"KLAC | yfinance | raw OHLC, not adjusted"
2017-06-08,10.892999649047852,10.920999526977539,10.789999961853027,10.892999649047852,8992000,"KLAC | yfinance | raw OHLC, not adjusted"
2017-06-09,10.925000190734863,10.958999633789062,10.055999755859375,10.197999954223633,18882000,"KLAC | yfinance | raw OHLC, not adjusted"
2017-06-12,10.053999900817871,10.192000389099121,9.812999725341797,10.11400032043457,24949000,"KLAC | yfinance | raw OHLC, not adjusted"
2017-06-13,10.196999549865723,10.291000366210938,10.015000343322754,10.142000198364258,10643000,"KLAC | yfinance | raw OHLC, not adjusted"
2017-06-14,10.144000053405762,10.270999908447266,9.762999534606934,9.854999542236328,15894000,"KLAC | yfinance | raw OHLC, not adjusted"
2017-06-15,9.722999572753906,9.836999893188477,9.663999557495117,9.706999778747559,16036000,"KLAC | yfinance | raw OHLC, not adjusted"
2017-06-16,9.746000289916992,9.881999969482422,9.687000274658203,9.770000457763672,17207000,"KLAC | yfinance | raw OHLC, not adjusted"
2017-06-19,9.875,10.142000198364258,9.850000381469727,10.10200023651123,16046000,"KLAC | yfinance | raw OHLC, not adjusted"
2017-06-20,10.086000442504883,10.119999885559082,9.748000144958496,9.758000373840332,13958000,"KLAC | yfinance | raw OHLC, not adjusted"
2017-06-21,9.777000427246094,9.829999923706055,9.701000213623047,9.800999641418457,10379000,"KLAC | yfinance | raw OHLC, not adjusted"
2017-06-22,9.795000076293945,9.857999801635742,9.635000228881836,9.666999816894531,7787000,"KLAC | yfinance | raw OHLC, not adjusted"
2017-06-23,9.668000221252441,9.805999755859375,9.661999702453613,9.795000076293945,15953000,"KLAC | yfinance | raw OHLC, not adjusted"
2017-06-26,9.831999778747559,9.871000289916992,9.58899974822998,9.60200023651123,12391000,"KLAC | yfinance | raw OHLC, not adjusted"
2017-06-27,9.571999549865723,9.595999717712402,9.369999885559082,9.38700008392334,13471000,"KLAC | yfinance | raw OHLC, not adjusted"
2017-06-28,9.458000183105469,9.597999572753906,9.295000076293945,9.574000358581543,15939000,"KLAC | yfinance | raw OHLC, not adjusted"
2017-06-29,9.53600025177002,9.53600025177002,9.109000205993652,9.25100040435791,16152000,"KLAC | yfinance | raw OHLC, not adjusted"
2017-06-30,9.350000381469727,9.350000381469727,9.12600040435791,9.151000022888184,13201000,"KLAC | yfinance | raw OHLC, not adjusted"
2017-07-03,9.229999542236328,9.293000221252441,9.07699966430664,9.154999732971191,7481000,"KLAC | yfinance | raw OHLC, not adjusted"
2017-07-05,9.173999786376953,9.253000259399414,9.069000244140625,9.229000091552734,16606000,"KLAC | yfinance | raw OHLC, not adjusted"
2017-07-06,9.1850004196167,9.28600025177002,9.092000007629395,9.248000144958496,12223000,"KLAC | yfinance | raw OHLC, not adjusted"
2017-07-07,9.321000099182129,9.508999824523926,9.295999526977539,9.456999778747559,11810000,"KLAC | yfinance | raw OHLC, not adjusted"
2017-07-10,9.468000411987305,9.579000473022461,9.38599967956543,9.562999725341797,11846000,"KLAC | yfinance | raw OHLC, not adjusted"
2017-07-11,9.564000129699707,9.743000030517578,9.513999938964844,9.692999839782715,11727000,"KLAC | yfinance | raw OHLC, not adjusted"
2017-07-12,9.770999908447266,9.91100025177002,9.682999610900879,9.770000457763672,7531000,"KLAC | yfinance | raw OHLC, not adjusted"
2017-07-13,9.800000190734863,9.86400032043457,9.710000038146973,9.760000228881836,8274000,"KLAC | yfinance | raw OHLC, not adjusted"
2017-07-14,9.795000076293945,9.972000122070312,9.772000312805176,9.96399974822998,9372000,"KLAC | yfinance | raw OHLC, not adjusted"
2017-07-17,10.0,10.017000198364258,9.833000183105469,9.913000106811523,7915000,"KLAC | yfinance | raw OHLC, not adjusted"
2017-07-18,9.906000137329102,9.98799991607666,9.8149995803833,9.982999801635742,7095000,"KLAC | yfinance | raw OHLC, not adjusted"
2017-07-19,10.064000129699707,10.166999816894531,10.04699993133545,10.138999938964844,10884000,"KLAC | yfinance | raw OHLC, not adjusted"
2017-07-20,10.168000221252441,10.175000190734863,10.04699993133545,10.170000076293945,5717000,"KLAC | yfinance | raw OHLC, not adjusted"
2017-07-21,10.097000122070312,10.154999732971191,9.913000106811523,9.98900032043457,9782000,"KLAC | yfinance | raw OHLC, not adjusted"
2017-07-24,9.996000289916992,10.090999603271484,9.984000205993652,10.020999908447266,7762000,"KLAC | yfinance | raw OHLC, not adjusted"
2017-07-25,9.998000144958496,10.03499984741211,9.890999794006348,9.911999702453613,11090000,"KLAC | yfinance | raw OHLC, not adjusted"
2017-07-26,9.848999977111816,10.088000297546387,9.848999977111816,10.086000442504883,8544000,"KLAC | yfinance | raw OHLC, not adjusted"
2017-07-27,10.08899974822998,10.107999801635742,9.850000381469727,9.993000030517578,14783000,"KLAC | yfinance | raw OHLC, not adjusted"
2017-07-28,9.77400016784668,9.788999557495117,9.420000076293945,9.4399995803833,18647000,"KLAC | yfinance | raw OHLC, not adjusted"
2017-07-31,9.458000183105469,9.475000381469727,9.24899959564209,9.262999534606934,12257000,"KLAC | yfinance | raw OHLC, not adjusted"
2017-08-01,9.28499984741211,9.305000305175781,9.185999870300293,9.262999534606934,17577000,"KLAC | yfinance | raw OHLC, not adjusted"
2017-08-02,9.317999839782715,9.329000473022461,8.991999626159668,9.00100040435791,15496000,"KLAC | yfinance | raw OHLC, not adjusted"
2017-08-03,8.987000465393066,9.031999588012695,8.847999572753906,8.895999908447266,16250000,"KLAC | yfinance | raw OHLC, not adjusted"
2017-08-04,8.902000427246094,8.98900032043457,8.84000015258789,8.883000373840332,11333000,"KLAC | yfinance | raw OHLC, not adjusted"
2017-08-07,8.902999877929688,9.269000053405762,8.902999877929688,9.201000213623047,20100000,"KLAC | yfinance | raw OHLC, not adjusted"
2017-08-08,9.199000358581543,9.213000297546387,9.038000106811523,9.067999839782715,13191000,"KLAC | yfinance | raw OHLC, not adjusted"
2017-08-09,9.008000373840332,9.1850004196167,8.949000358581543,9.14799976348877,9287000,"KLAC | yfinance | raw OHLC, not adjusted"
2017-08-10,9.079000473022461,9.109000205993652,8.793000221252441,8.814000129699707,11655000,"KLAC | yfinance | raw OHLC, not adjusted"
2017-08-11,8.8100004196167,9.0600004196167,8.809000015258789,9.034000396728516,10695000,"KLAC | yfinance | raw OHLC, not adjusted"
2017-08-14,9.147000312805176,9.27299976348877,9.100000381469727,9.149999618530273,12090000,"KLAC | yfinance | raw OHLC, not adjusted"
2017-08-15,9.144000053405762,9.149999618530273,9.050000190734863,9.10200023651123,11240000,"KLAC | yfinance | raw OHLC, not adjusted"
2017-08-16,9.10099983215332,9.230999946594238,9.041999816894531,9.187999725341797,7695000,"KLAC | yfinance | raw OHLC, not adjusted"
2017-08-17,9.149999618530273,9.177000045776367,8.975000381469727,8.97700023651123,9256000,"KLAC | yfinance | raw OHLC, not adjusted"
2017-08-18,9.008999824523926,9.098999977111816,8.930999755859375,9.026000022888184,11274000,"KLAC | yfinance | raw OHLC, not adjusted"
2017-08-21,8.993000030517578,9.020999908447266,8.843999862670898,8.901000022888184,9688000,"KLAC | yfinance | raw OHLC, not adjusted"
2017-08-22,8.994000434875488,9.208000183105469,8.946999549865723,9.170000076293945,8795000,"KLAC | yfinance | raw OHLC, not adjusted"
2017-08-23,9.121000289916992,9.182000160217285,9.071999549865723,9.145000457763672,5836000,"KLAC | yfinance | raw OHLC, not adjusted"
2017-08-24,9.170999526977539,9.185999870300293,8.984999656677246,9.029999732971191,9362000,"KLAC | yfinance | raw OHLC, not adjusted"
2017-08-25,9.071000099182129,9.142999649047852,9.008000373840332,9.04800033569336,4741000,"KLAC | yfinance | raw OHLC, not adjusted"
2017-08-28,9.0600004196167,9.156000137329102,9.0600004196167,9.154000282287598,9816000,"KLAC | yfinance | raw OHLC, not adjusted"
2017-08-29,9.079999923706055,9.24899959564209,9.029000282287598,9.23900032043457,4636000,"KLAC | yfinance | raw OHLC, not adjusted"
2017-08-30,9.217000007629395,9.359999656677246,9.215999603271484,9.352999687194824,5382000,"KLAC | yfinance | raw OHLC, not adjusted"
2017-08-31,9.395000457763672,9.416999816894531,9.307999610900879,9.369000434875488,10389000,"KLAC | yfinance | raw OHLC, not adjusted"
2017-09-01,9.40999984741211,9.437000274658203,9.309000015258789,9.407999992370605,5492000,"KLAC | yfinance | raw OHLC, not adjusted"
2017-09-05,9.394000053405762,9.463000297546387,9.253000259399414,9.366000175476074,8510000,"KLAC | yfinance | raw OHLC, not adjusted"
2017-09-06,9.373000144958496,9.454999923706055,9.281999588012695,9.449999809265137,9576000,"KLAC | yfinance | raw OHLC, not adjusted"
2017-09-07,9.454000473022461,9.543000221252441,9.37600040435791,9.531999588012695,6819000,"KLAC | yfinance | raw OHLC, not adjusted"
2017-09-08,9.52400016784668,9.57800006866455,9.406000137329102,9.4350004196167,6754000,"KLAC | yfinance | raw OHLC, not adjusted"
2017-09-11,9.520999908447266,9.77299976348877,9.520999908447266,9.717000007629395,10184000,"KLAC | yfinance | raw OHLC, not adjusted"
2017-09-12,9.708999633789062,9.817999839782715,9.652999877929688,9.795000076293945,8471000,"KLAC | yfinance | raw OHLC, not adjusted"
2017-09-13,9.680000305175781,9.776000022888184,9.60200023651123,9.673999786376953,12915000,"KLAC | yfinance | raw OHLC, not adjusted"
2017-09-14,9.657999992370605,9.793999671936035,9.642000198364258,9.746000289916992,9944000,"KLAC | yfinance | raw OHLC, not adjusted"
2017-09-15,9.76200008392334,9.885000228881836,9.723999977111816,9.86400032043457,24489000,"KLAC | yfinance | raw OHLC, not adjusted"
2017-09-18,9.901000022888184,10.131999969482422,9.869000434875488,10.090999603271484,15713000,"KLAC | yfinance | raw OHLC, not adjusted"
2017-09-19,10.131999969482422,10.29699993133545,10.055000305175781,10.201000213623047,18074000,"KLAC | yfinance | raw OHLC, not adjusted"
2017-09-20,10.222999572753906,10.243000030517578,9.859000205993652,9.965999603271484,17567000,"KLAC | yfinance | raw OHLC, not adjusted"
2017-09-21,9.975000381469727,10.0,9.855999946594238,9.95199966430664,14326000,"KLAC | yfinance | raw OHLC, not adjusted"
2017-09-22,9.937000274658203,10.10200023651123,9.937000274658203,10.059000015258789,12084000,"KLAC | yfinance | raw OHLC, not adjusted"
2017-09-25,10.008999824523926,10.050999641418457,9.83899974822998,9.901000022888184,14442000,"KLAC | yfinance | raw OHLC, not adjusted"
2017-09-26,9.977999687194824,10.005000114440918,9.82699966430664,9.916999816894531,8464000,"KLAC | yfinance | raw OHLC, not adjusted"
2017-09-27,10.027999877929688,10.505000114440918,9.965999603271484,10.416999816894531,22317000,"KLAC | yfinance | raw OHLC, not adjusted"
2017-09-28,10.322999954223633,10.519000053405762,10.322999954223633,10.491999626159668,18561000,"KLAC | yfinance | raw OHLC, not adjusted"
2017-09-29,10.512999534606934,10.609000205993652,10.414999961853027,10.600000381469727,10788000,"KLAC | yfinance | raw OHLC, not adjusted"
2017-10-02,10.553999900817871,10.598999977111816,10.38700008392334,10.494999885559082,11639000,"KLAC | yfinance | raw OHLC, not adjusted"
2017-10-03,10.503000259399414,10.517000198364258,10.234999656677246,10.284000396728516,17279000,"KLAC | yfinance | raw OHLC, not adjusted"
2017-10-04,10.262999534606934,10.307999610900879,10.104000091552734,10.300000190734863,14394000,"KLAC | yfinance | raw OHLC, not adjusted"
2017-10-05,10.354000091552734,10.359000205993652,10.135000228881836,10.166999816894531,11550000,"KLAC | yfinance | raw OHLC, not adjusted"
2017-10-06,10.173999786376953,10.265999794006348,10.126999855041504,10.246999740600586,9652000,"KLAC | yfinance | raw OHLC, not adjusted"
2017-10-09,10.27299976348877,10.446000099182129,10.262999534606934,10.395000457763672,8840000,"KLAC | yfinance | raw OHLC, not adjusted"
2017-10-10,10.494000434875488,10.494000434875488,10.336999893188477,10.444999694824219,8598000,"KLAC | yfinance | raw OHLC, not adjusted"
2017-10-11,10.406999588012695,10.513999938964844,10.378999710083008,10.458999633789062,6648000,"KLAC | yfinance | raw OHLC, not adjusted"
2017-10-12,10.48900032043457,10.576000213623047,10.449999809265137,10.482000350952148,9371000,"KLAC | yfinance | raw OHLC, not adjusted"
2017-10-13,10.52299976348877,10.609999656677246,10.482000350952148,10.529999732971191,10050000,"KLAC | yfinance | raw OHLC, not adjusted"
2017-10-16,10.60099983215332,10.73900032043457,10.51099967956543,10.732999801635742,20799000,"KLAC | yfinance | raw OHLC, not adjusted"
2017-10-17,10.784000396728516,10.829000473022461,10.673999786376953,10.800999641418457,10996000,"KLAC | yfinance | raw OHLC, not adjusted"
2017-10-18,10.819000244140625,10.822999954223633,10.612000465393066,10.809000015258789,8630000,"KLAC | yfinance | raw OHLC, not adjusted"
2017-10-19,10.67199993133545,10.807000160217285,10.57699966430664,10.805000305175781,7082000,"KLAC | yfinance | raw OHLC, not adjusted"
2017-10-20,10.906000137329102,10.914999961853027,10.788999557495117,10.833999633789062,8361000,"KLAC | yfinance | raw OHLC, not adjusted"
2017-10-23,10.89900016784668,10.89900016784668,10.744999885559082,10.779999732971191,11628000,"KLAC | yfinance | raw OHLC, not adjusted"
2017-10-24,10.776000022888184,10.817000389099121,10.706000328063965,10.769000053405762,10285000,"KLAC | yfinance | raw OHLC, not adjusted"
2017-10-25,10.736000061035156,10.76099967956543,10.520999908447266,10.670999526977539,15975000,"KLAC | yfinance | raw OHLC, not adjusted"
2017-10-26,10.704000473022461,10.977999687194824,10.699999809265137,10.885000228881836,23492000,"KLAC | yfinance | raw OHLC, not adjusted"
2017-10-27,10.819000244140625,10.949999809265137,10.359999656677246,10.807000160217285,24773000,"KLAC | yfinance | raw OHLC, not adjusted"
2017-10-30,10.817000389099121,10.86299991607666,10.645000457763672,10.734999656677246,19010000,"KLAC | yfinance | raw OHLC, not adjusted"
2017-10-31,10.777999877929688,10.963000297546387,10.6850004196167,10.888999938964844,27340000,"KLAC | yfinance | raw OHLC, not adjusted"
2017-11-01,11.0,11.00100040435791,10.309000015258789,10.515000343322754,23161000,"KLAC | yfinance | raw OHLC, not adjusted"
2017-11-02,10.522000312805176,10.644000053405762,10.449999809265137,10.637999534606934,17399000,"KLAC | yfinance | raw OHLC, not adjusted"
2017-11-03,10.607999801635742,10.664999961853027,10.557000160217285,10.630000114440918,11560000,"KLAC | yfinance | raw OHLC, not adjusted"
2017-11-06,10.633000373840332,10.699000358581543,10.505999565124512,10.550999641418457,11251000,"KLAC | yfinance | raw OHLC, not adjusted"
2017-11-07,10.543000221252441,10.755999565124512,10.515999794006348,10.75,12541000,"KLAC | yfinance | raw OHLC, not adjusted"
2017-11-08,10.758999824523926,10.78499984741211,10.630000114440918,10.708000183105469,11111000,"KLAC | yfinance | raw OHLC, not adjusted"
2017-11-09,10.652999877929688,10.654000282287598,10.178000450134277,10.239999771118164,21046000,"KLAC | yfinance | raw OHLC, not adjusted"
2017-11-10,10.220000267028809,10.3100004196167,10.16100025177002,10.244000434875488,21763000,"KLAC | yfinance | raw OHLC, not adjusted"
2017-11-13,10.152000427246094,10.303000450134277,10.123000144958496,10.192999839782715,22591000,"KLAC | yfinance | raw OHLC, not adjusted"
2017-11-14,10.133999824523926,10.220999717712402,10.069999694824219,10.21500015258789,18444000,"KLAC | yfinance | raw OHLC, not adjusted"
2017-11-15,10.204000473022461,10.331000328063965,10.050999641418457,10.295000076293945,21094000,"KLAC | yfinance | raw OHLC, not adjusted"
2017-11-16,10.348999977111816,10.696000099182129,10.279000282287598,10.47700023651123,22623000,"KLAC | yfinance | raw OHLC, not adjusted"
2017-11-17,10.576000213623047,10.652000427246094,10.152999877929688,10.164999961853027,16936000,"KLAC | yfinance | raw OHLC, not adjusted"
2017-11-20,10.199000358581543,10.324999809265137,10.17199993133545,10.25100040435791,16155000,"KLAC | yfinance | raw OHLC, not adjusted"
2017-11-21,10.326000213623047,10.48799991607666,10.324999809265137,10.472999572753906,15086000,"KLAC | yfinance | raw OHLC, not adjusted"
2017-11-22,10.567999839782715,10.567999839782715,10.38700008392334,10.446999549865723,12064000,"KLAC | yfinance | raw OHLC, not adjusted"
2017-11-24,10.472999572753906,10.541999816894531,10.407999992370605,10.503999710083008,8914000,"KLAC | yfinance | raw OHLC, not adjusted"
2017-11-27,10.36400032043457,10.510000228881836,10.229999542236328,10.439000129699707,13240000,"KLAC | yfinance | raw OHLC, not adjusted"
2017-11-28,10.427000045776367,10.722000122070312,10.427000045776367,10.715999603271484,16705000,"KLAC | yfinance | raw OHLC, not adjusted"
2017-11-29,10.715999603271484,10.73799991607666,9.890999794006348,10.03499984741211,34614000,"KLAC | yfinance | raw OHLC, not adjusted"
2017-11-30,10.149999618530273,10.432999610900879,10.097000122070312,10.223999977111816,35695000,"KLAC | yfinance | raw OHLC, not adjusted"
2017-12-01,10.12600040435791,10.399999618530273,9.972000122070312,10.38700008392334,22051000,"KLAC | yfinance | raw OHLC, not adjusted"
2017-12-04,10.470000267028809,10.48900032043457,10.020000457763672,10.088000297546387,18826000,"KLAC | yfinance | raw OHLC, not adjusted"
2017-12-05,10.114999771118164,10.465999603271484,10.005000114440918,10.263999938964844,14334000,"KLAC | yfinance | raw OHLC, not adjusted"
2017-12-06,10.184000015258789,10.29699993133545,10.114999771118164,10.27400016784668,12712000,"KLAC | yfinance | raw OHLC, not adjusted"
2017-12-07,10.310999870300293,10.5,10.28600025177002,10.458000183105469,12135000,"KLAC | yfinance | raw OHLC, not adjusted"
2017-12-08,10.508000373840332,10.583000183105469,10.380999565124512,10.39799976348877,10171000,"KLAC | yfinance | raw OHLC, not adjusted"
2017-12-11,10.425000190734863,10.468999862670898,10.24899959564209,10.385000228881836,11141000,"KLAC | yfinance | raw OHLC, not adjusted"
2017-12-12,10.380999565124512,10.402999877929688,10.20300006866455,10.305999755859375,12978000,"KLAC | yfinance | raw OHLC, not adjusted"
2017-12-13,10.326000213623047,10.427000045776367,10.230999946594238,10.38700008392334,11699000,"KLAC | yfinance | raw OHLC, not adjusted"
2017-12-14,10.553999900817871,10.631999969482422,10.395000457763672,10.442000389099121,13726000,"KLAC | yfinance | raw OHLC, not adjusted"
2017-12-15,10.432999610900879,10.621999740600586,10.317999839782715,10.562999725341797,26484000,"KLAC | yfinance | raw OHLC, not adjusted"
2017-12-18,10.956999778747559,11.222000122070312,10.901000022888184,11.121999740600586,17530000,"KLAC | yfinance | raw OHLC, not adjusted"
2017-12-19,11.100000381469727,11.21500015258789,11.041999816894531,11.161999702453613,13082000,"KLAC | yfinance | raw OHLC, not adjusted"
2017-12-20,11.3100004196167,11.442999839782715,11.137999534606934,11.244999885559082,15302000,"KLAC | yfinance | raw OHLC, not adjusted"
2017-12-21,11.25,11.270000457763672,10.850000381469727,10.862000465393066,12678000,"KLAC | yfinance | raw OHLC, not adjusted"
2017-12-22,10.878999710083008,10.961000442504883,10.77400016784668,10.932000160217285,5845000,"KLAC | yfinance | raw OHLC, not adjusted"
2017-12-26,10.861000061035156,10.932000160217285,10.713000297546387,10.765000343322754,5070000,"KLAC | yfinance | raw OHLC, not adjusted"
2017-12-27,10.789999961853027,10.836000442504883,10.656000137329102,10.727999687194824,7139000,"KLAC | yfinance | raw OHLC, not adjusted"
2017-12-28,10.812000274658203,10.892000198364258,10.717000007629395,10.78499984741211,9664000,"KLAC | yfinance | raw OHLC, not adjusted"
2017-12-29,10.782999992370605,10.817000389099121,10.494000434875488,10.506999969482422,10890000,"KLAC | yfinance | raw OHLC, not adjusted"
2018-01-02,10.576000213623047,10.663000106811523,10.491999626159668,10.61299991607666,16890000,"KLAC | yfinance | raw OHLC, not adjusted"
2018-01-03,10.586000442504883,10.758000373840332,10.498000144958496,10.737000465393066,27341000,"KLAC | yfinance | raw OHLC, not adjusted"
2018-01-04,10.795000076293945,10.947999954223633,10.635000228881836,10.755999565124512,19255000,"KLAC | yfinance | raw OHLC, not adjusted"
2018-01-05,10.838000297546387,11.067999839782715,10.789999961853027,10.986000061035156,14690000,"KLAC | yfinance | raw OHLC, not adjusted"
2018-01-08,10.854999542236328,11.093999862670898,10.854999542236328,11.015999794006348,7727000,"KLAC | yfinance | raw OHLC, not adjusted"
2018-01-09,11.032999992370605,11.071000099182129,10.86299991607666,10.920000076293945,8669000,"KLAC | yfinance | raw OHLC, not adjusted"
2018-01-10,10.840999603271484,10.840999603271484,10.470999717712402,10.628000259399414,14395000,"KLAC | yfinance | raw OHLC, not adjusted"
2018-01-11,10.663999557495117,10.675000190734863,10.496000289916992,10.62399959564209,10009000,"KLAC | yfinance | raw OHLC, not adjusted"
2018-01-12,10.664999961853027,10.829999923706055,10.628999710083008,10.729000091552734,9906000,"KLAC | yfinance | raw OHLC, not adjusted"
2018-01-16,10.852999687194824,10.925000190734863,10.713000297546387,10.765999794006348,14927000,"KLAC | yfinance | raw OHLC, not adjusted"
2018-01-17,10.925000190734863,11.440999984741211,10.866999626159668,11.348999977111816,20474000,"KLAC | yfinance | raw OHLC, not adjusted"
2018-01-18,11.284000396728516,11.583000183105469,11.201000213623047,11.46500015258789,13531000,"KLAC | yfinance | raw OHLC, not adjusted"
2018-01-19,11.475000381469727,11.51200008392334,11.359000205993652,11.501999855041504,9885000,"KLAC | yfinance | raw OHLC, not adjusted"
2018-01-22,11.50100040435791,11.588000297546387,11.376999855041504,11.458999633789062,10972000,"KLAC | yfinance | raw OHLC, not adjusted"
2018-01-23,11.482000350952148,11.635000228881836,11.447999954223633,11.60099983215332,11862000,"KLAC | yfinance | raw OHLC, not adjusted"
2018-01-24,11.571999549865723,11.661999702453613,11.395000457763672,11.493000030517578,13206000,"KLAC | yfinance | raw OHLC, not adjusted"
2018-01-25,11.729000091552734,12.164999961853027,11.258999824523926,11.309000015258789,18557000,"KLAC | yfinance | raw OHLC, not adjusted"
2018-01-26,11.100000381469727,11.569000244140625,11.034000396728516,11.343999862670898,23145000,"KLAC | yfinance | raw OHLC, not adjusted"
2018-01-29,11.336999893188477,11.373000144958496,11.130999565124512,11.213000297546387,14205000,"KLAC | yfinance | raw OHLC, not adjusted"
2018-01-30,11.137999534606934,11.20199966430664,10.892999649047852,10.940999984741211,15412000,"KLAC | yfinance | raw OHLC, not adjusted"
2018-01-31,11.003000259399414,11.104000091552734,10.904999732971191,10.979999542236328,11740000,"KLAC | yfinance | raw OHLC, not adjusted"
2018-02-01,10.927000045776367,11.312000274658203,10.906999588012695,11.114999771118164,14512000,"KLAC | yfinance | raw OHLC, not adjusted"
2018-02-02,11.003999710083008,11.017999649047852,10.647000312805176,10.652000427246094,15048000,"KLAC | yfinance | raw OHLC, not adjusted"
2018-02-05,10.600000381469727,10.729999542236328,10.119000434875488,10.119999885559082,18858000,"KLAC | yfinance | raw OHLC, not adjusted"
2018-02-06,9.911999702453613,10.529999732971191,9.873000144958496,10.52299976348877,21856000,"KLAC | yfinance | raw OHLC, not adjusted"
2018-02-07,10.437000274658203,10.543000221252441,10.206999778747559,10.265999794006348,16311000,"KLAC | yfinance | raw OHLC, not adjusted"
2018-02-08,10.300999641418457,10.383999824523926,9.758000373840332,9.854000091552734,23990000,"KLAC | yfinance | raw OHLC, not adjusted"
2018-02-09,9.970999717712402,10.180999755859375,9.612000465393066,10.09000015258789,17346000,"KLAC | yfinance | raw OHLC, not adjusted"
2018-02-12,10.175000190734863,10.480999946594238,10.119999885559082,10.390999794006348,17558000,"KLAC | yfinance | raw OHLC, not adjusted"
2018-02-13,10.331000328063965,10.461999893188477,10.276000022888184,10.420999526977539,20364000,"KLAC | yfinance | raw OHLC, not adjusted"
2018-02-14,10.309000015258789,10.843000411987305,10.288999557495117,10.746999740600586,20650000,"KLAC | yfinance | raw OHLC, not adjusted"
2018-02-15,10.875,10.928999900817871,10.371000289916992,10.88700008392334,29503000,"KLAC | yfinance | raw OHLC, not adjusted"
2018-02-16,10.854000091552734,11.07699966430664,10.744999885559082,10.751999855041504,18123000,"KLAC | yfinance | raw OHLC, not adjusted"
2018-02-20,10.727999687194824,11.206999778747559,10.699999809265137,11.055000305175781,20344000,"KLAC | yfinance | raw OHLC, not adjusted"
2018-02-21,11.081000328063965,11.14799976348877,10.923999786376953,10.967000007629395,15620000,"KLAC | yfinance | raw OHLC, not adjusted"
2018-02-22,11.166999816894531,11.1899995803833,10.829000473022461,10.890999794006348,15487000,"KLAC | yfinance | raw OHLC, not adjusted"
2018-02-23,10.993000030517578,11.065999984741211,10.871999740600586,11.04699993133545,12758000,"KLAC | yfinance | raw OHLC, not adjusted"
2018-02-26,11.119000434875488,11.472000122070312,11.119000434875488,11.467000007629395,11736000,"KLAC | yfinance | raw OHLC, not adjusted"
2018-02-27,11.446999549865723,11.560999870300293,11.303999900817871,11.345999717712402,9497000,"KLAC | yfinance | raw OHLC, not adjusted"
2018-02-28,11.418999671936035,11.5,11.29800033569336,11.331000328063965,11273000,"KLAC | yfinance | raw OHLC, not adjusted"
2018-03-01,11.291999816894531,11.468999862670898,11.024999618530273,11.121000289916992,11924000,"KLAC | yfinance | raw OHLC, not adjusted"
2018-03-02,11.005000114440918,11.32800006866455,10.939000129699707,11.300999641418457,9627000,"KLAC | yfinance | raw OHLC, not adjusted"
2018-03-05,11.26099967956543,11.512999534606934,11.178999900817871,11.383000373840332,8782000,"KLAC | yfinance | raw OHLC, not adjusted"
2018-03-06,11.47700023651123,11.67199993133545,11.418999671936035,11.607000350952148,10385000,"KLAC | yfinance | raw OHLC, not adjusted"
2018-03-07,11.529999732971191,11.784000396728516,11.513999938964844,11.744999885559082,12982000,"KLAC | yfinance | raw OHLC, not adjusted"
2018-03-08,11.805000305175781,11.807000160217285,11.63700008392334,11.699999809265137,7827000,"KLAC | yfinance | raw OHLC, not adjusted"
2018-03-09,11.767000198364258,12.133999824523926,11.701000213623047,12.114999771118164,12279000,"KLAC | yfinance | raw OHLC, not adjusted"
2018-03-12,12.199999809265137,12.310999870300293,12.10200023651123,12.23900032043457,10420000,"KLAC | yfinance | raw OHLC, not adjusted"
2018-03-13,12.340999603271484,12.395999908447266,12.005000114440918,12.04800033569336,12512000,"KLAC | yfinance | raw OHLC, not adjusted"
2018-03-14,12.184000015258789,12.189000129699707,11.972000122070312,12.043999671936035,9866000,"KLAC | yfinance | raw OHLC, not adjusted"
2018-03-15,12.055999755859375,12.246000289916992,11.984000205993652,12.081000328063965,10461000,"KLAC | yfinance | raw OHLC, not adjusted"
2018-03-16,12.151000022888184,12.161999702453613,12.015000343322754,12.062000274658203,17460000,"KLAC | yfinance | raw OHLC, not adjusted"
2018-03-19,11.831000328063965,11.895000457763672,11.104999542236328,11.597999572753906,41597000,"KLAC | yfinance | raw OHLC, not adjusted"
2018-03-20,11.571000099182129,11.878000259399414,11.486000061035156,11.718999862670898,28446000,"KLAC | yfinance | raw OHLC, not adjusted"
2018-03-21,11.758999824523926,11.980999946594238,11.73900032043457,11.805999755859375,14567000,"KLAC | yfinance | raw OHLC, not adjusted"
2018-03-22,11.609000205993652,11.727999687194824,11.279000282287598,11.291999816894531,16319000,"KLAC | yfinance | raw OHLC, not adjusted"
2018-03-23,11.343000411987305,11.343000411987305,10.815999984741211,10.817999839782715,21715000,"KLAC | yfinance | raw OHLC, not adjusted"
2018-03-26,11.069000244140625,11.348999977111816,11.020000457763672,11.336000442504883,21009000,"KLAC | yfinance | raw OHLC, not adjusted"
2018-03-27,11.413999557495117,11.435999870300293,10.699999809265137,10.781000137329102,14776000,"KLAC | yfinance | raw OHLC, not adjusted"
2018-03-28,10.762999534606934,10.881999969482422,10.505000114440918,10.656999588012695,14928000,"KLAC | yfinance | raw OHLC, not adjusted"
2018-03-29,10.74899959564209,11.053000450134277,10.616999626159668,10.901000022888184,11230000,"KLAC | yfinance | raw OHLC, not adjusted"
2018-04-02,10.831000328063965,10.86400032043457,10.402999877929688,10.532999992370605,13948000,"KLAC | yfinance | raw OHLC, not adjusted"
2018-04-03,10.640000343322754,10.776000022888184,10.52400016784668,10.756999969482422,12808000,"KLAC | yfinance | raw OHLC, not adjusted"
2018-04-04,10.491999626159668,10.967000007629395,10.36299991607666,10.925000190734863,11291000,"KLAC | yfinance | raw OHLC, not adjusted"
2018-04-05,11.079000473022461,11.15999984741211,10.824000358581543,10.871000289916992,16599000,"KLAC | yfinance | raw OHLC, not adjusted"
2018-04-06,10.67199993133545,10.824999809265137,10.354000091552734,10.406999588012695,16643000,"KLAC | yfinance | raw OHLC, not adjusted"
2018-04-09,10.513999938964844,10.788000106811523,10.362000465393066,10.378999710083008,15062000,"KLAC | yfinance | raw OHLC, not adjusted"
2018-04-10,10.604000091552734,10.946999549865723,10.569000244140625,10.857000350952148,13756000,"KLAC | yfinance | raw OHLC, not adjusted"
2018-04-11,10.722000122070312,10.883999824523926,10.640000343322754,10.663999557495117,11986000,"KLAC | yfinance | raw OHLC, not adjusted"
2018-04-12,10.758000373840332,10.946000099182129,10.706000328063965,10.911999702453613,11766000,"KLAC | yfinance | raw OHLC, not adjusted"
2018-04-13,11.02299976348877,11.024999618530273,10.696999549865723,10.758999824523926,9228000,"KLAC | yfinance | raw OHLC, not adjusted"
2018-04-16,10.866000175476074,10.958000183105469,10.720000267028809,10.885000228881836,10279000,"KLAC | yfinance | raw OHLC, not adjusted"
2018-04-17,11.015000343322754,11.102999687194824,10.916999816894531,11.062000274658203,13766000,"KLAC | yfinance | raw OHLC, not adjusted"
2018-04-18,10.857000350952148,10.914999961853027,10.659000396728516,10.824000358581543,10763000,"KLAC | yfinance | raw OHLC, not adjusted"
2018-04-19,10.65999984741211,10.65999984741211,10.189000129699707,10.229000091552734,19155000,"KLAC | yfinance | raw OHLC, not adjusted"
2018-04-20,10.262999534606934,10.34000015258789,10.08899974822998,10.14799976348877,15588000,"KLAC | yfinance | raw OHLC, not adjusted"
2018-04-23,10.22599983215332,10.255999565124512,10.008000373840332,10.100000381469727,20021000,"KLAC | yfinance | raw OHLC, not adjusted"
2018-04-24,10.243000030517578,10.288000106811523,9.807000160217285,9.956000328063965,18155000,"KLAC | yfinance | raw OHLC, not adjusted"
2018-04-25,9.975000381469727,10.048999786376953,9.793999671936035,9.864999771118164,16055000,"KLAC | yfinance | raw OHLC, not adjusted"
2018-04-26,9.946999549865723,10.125,9.92300033569336,10.083000183105469,16740000,"KLAC | yfinance | raw OHLC, not adjusted"
2018-04-27,10.156999588012695,10.364999771118164,9.906000137329102,10.218000411987305,27087000,"KLAC | yfinance | raw OHLC, not adjusted"
2018-04-30,10.25100040435791,10.324000358581543,10.08899974822998,10.173999786376953,16181000,"KLAC | yfinance | raw OHLC, not adjusted"
2018-05-01,10.164999961853027,10.26200008392334,10.038999557495117,10.232999801635742,13573000,"KLAC | yfinance | raw OHLC, not adjusted"
2018-05-02,10.260000228881836,10.383000373840332,10.187000274658203,10.217000007629395,11031000,"KLAC | yfinance | raw OHLC, not adjusted"
2018-05-03,10.145000457763672,10.335000038146973,10.045000076293945,10.298999786376953,10380000,"KLAC | yfinance | raw OHLC, not adjusted"
2018-05-04,10.246999740600586,10.670999526977539,10.168000221252441,10.666000366210938,13348000,"KLAC | yfinance | raw OHLC, not adjusted"
2018-05-07,10.699999809265137,10.725000381469727,10.612000465393066,10.670999526977539,11884000,"KLAC | yfinance | raw OHLC, not adjusted"
2018-05-08,10.565999984741211,10.720999717712402,10.552000045776367,10.6899995803833,11603000,"KLAC | yfinance | raw OHLC, not adjusted"
2018-05-09,10.75,10.92199993133545,10.6899995803833,10.916999816894531,11464000,"KLAC | yfinance | raw OHLC, not adjusted"
2018-05-10,10.968000411987305,11.119999885559082,10.918999671936035,11.105999946594238,7081000,"KLAC | yfinance | raw OHLC, not adjusted"
2018-05-11,11.079000473022461,11.178000450134277,11.041000366210938,11.107000350952148,9501000,"KLAC | yfinance | raw OHLC, not adjusted"
2018-05-14,11.137999534606934,11.392999649047852,11.137999534606934,11.27299976348877,15135000,"KLAC | yfinance | raw OHLC, not adjusted"
2018-05-15,11.182999610900879,11.199999809265137,11.024999618530273,11.133000373840332,13640000,"KLAC | yfinance | raw OHLC, not adjusted"
2018-05-16,11.177000045776367,11.402000427246094,11.163000106811523,11.366999626159668,11572000,"KLAC | yfinance | raw OHLC, not adjusted"
2018-05-17,11.34000015258789,11.435999870300293,11.182999610900879,11.324000358581543,13097000,"KLAC | yfinance | raw OHLC, not adjusted"
2018-05-18,11.145000457763672,11.145000457763672,10.781999588012695,10.939000129699707,20219000,"KLAC | yfinance | raw OHLC, not adjusted"
2018-05-21,11.086999893188477,11.189000129699707,10.984999656677246,11.144000053405762,12810000,"KLAC | yfinance | raw OHLC, not adjusted"
2018-05-22,11.220000267028809,11.437999725341797,11.218000411987305,11.362000465393066,13359000,"KLAC | yfinance | raw OHLC, not adjusted"
2018-05-23,11.232000350952148,11.331999778747559,11.133999824523926,11.329999923706055,10575000,"KLAC | yfinance | raw OHLC, not adjusted"
2018-05-24,11.310999870300293,11.390000343322754,11.166000366210938,11.352999687194824,13661000,"KLAC | yfinance | raw OHLC, not adjusted"
2018-05-25,11.329000473022461,11.496000289916992,11.315999984741211,11.432000160217285,8257000,"KLAC | yfinance | raw OHLC, not adjusted"
2018-05-29,11.350000381469727,11.446000099182129,11.208000183105469,11.364999771118164,12410000,"KLAC | yfinance | raw OHLC, not adjusted"
2018-05-30,11.45199966430664,11.532999992370605,11.329999923706055,11.401000022888184,9732000,"KLAC | yfinance | raw OHLC, not adjusted"
2018-05-31,11.392000198364258,11.501999855041504,11.28600025177002,11.322999954223633,13732000,"KLAC | yfinance | raw OHLC, not adjusted"
2018-06-01,11.451000213623047,11.642000198364258,11.385000228881836,11.583999633789062,13817000,"KLAC | yfinance | raw OHLC, not adjusted"
2018-06-04,11.527999877929688,11.711999893188477,11.517000198364258,11.62399959564209,8540000,"KLAC | yfinance | raw OHLC, not adjusted"
2018-06-05,11.704000473022461,11.819000244140625,11.656999588012695,11.812999725341797,10845000,"KLAC | yfinance | raw OHLC, not adjusted"
2018-06-06,11.814000129699707,11.855999946594238,11.6899995803833,11.743000030517578,15967000,"KLAC | yfinance | raw OHLC, not adjusted"
2018-06-07,11.545000076293945,11.656999588012695,11.444999694824219,11.593000411987305,18991000,"KLAC | yfinance | raw OHLC, not adjusted"
2018-06-08,11.439000129699707,11.456999778747559,11.314000129699707,11.420000076293945,13697000,"KLAC | yfinance | raw OHLC, not adjusted"
2018-06-11,11.381999969482422,11.465999603271484,11.232999801635742,11.246999740600586,13064000,"KLAC | yfinance | raw OHLC, not adjusted"
2018-06-12,11.312000274658203,11.368000030517578,11.152999877929688,11.359000205993652,11747000,"KLAC | yfinance | raw OHLC, not adjusted"
2018-06-13,11.390000343322754,11.439000129699707,11.248000144958496,11.295999526977539,14160000,"KLAC | yfinance | raw OHLC, not adjusted"
2018-06-14,11.350000381469727,11.375,11.236000061035156,11.312999725341797,10390000,"KLAC | yfinance | raw OHLC, not adjusted"
2018-06-15,11.315999984741211,11.315999984741211,11.130999565124512,11.284000396728516,17280000,"KLAC | yfinance | raw OHLC, not adjusted"
2018-06-18,11.182999610900879,11.23900032043457,10.982999801635742,11.204999923706055,11937000,"KLAC | yfinance | raw OHLC, not adjusted"
2018-06-19,11.041999816894531,11.128000259399414,10.913999557495117,11.057999610900879,10800000,"KLAC | yfinance | raw OHLC, not adjusted"
2018-06-20,11.107000350952148,11.178000450134277,10.932000160217285,10.97700023651123,12021000,"KLAC | yfinance | raw OHLC, not adjusted"
2018-06-21,11.043000221252441,11.131999969482422,10.961999893188477,11.031000137329102,11422000,"KLAC | yfinance | raw OHLC, not adjusted"
2018-06-22,10.711000442504883,10.895999908447266,10.529000282287598,10.656000137329102,28960000,"KLAC | yfinance | raw OHLC, not adjusted"
2018-06-25,10.543000221252441,10.543000221252441,10.173999786376953,10.413999557495117,21989000,"KLAC | yfinance | raw OHLC, not adjusted"
2018-06-26,10.51099967956543,10.560999870300293,10.37600040435791,10.458999633789062,14926000,"KLAC | yfinance | raw OHLC, not adjusted"
2018-06-27,10.480999946594238,10.508999824523926,10.057000160217285,10.064000129699707,14690000,"KLAC | yfinance | raw OHLC, not adjusted"
2018-06-28,10.053000450134277,10.189000129699707,9.984000205993652,10.180999755859375,15642000,"KLAC | yfinance | raw OHLC, not adjusted"
2018-06-29,10.243000030517578,10.397000312805176,10.208000183105469,10.253000259399414,17276000,"KLAC | yfinance | raw OHLC, not adjusted"
2018-07-02,10.128000259399414,10.38700008392334,10.03600025177002,10.380000114440918,13659000,"KLAC | yfinance | raw OHLC, not adjusted"
2018-07-03,10.38599967956543,10.38599967956543,10.145000457763672,10.15999984741211,8038000,"KLAC | yfinance | raw OHLC, not adjusted"
2018-07-05,10.26099967956543,10.350000381469727,10.175000190734863,10.343000411987305,10315000,"KLAC | yfinance | raw OHLC, not adjusted"
2018-07-06,10.317000389099121,10.5,10.225000381469727,10.487000465393066,6763000,"KLAC | yfinance | raw OHLC, not adjusted"
2018-07-09,10.51099967956543,10.598999977111816,10.428000450134277,10.595999717712402,7698000,"KLAC | yfinance | raw OHLC, not adjusted"
2018-07-10,10.66100025177002,10.70199966430664,10.557999610900879,10.605999946594238,10865000,"KLAC | yfinance | raw OHLC, not adjusted"
2018-07-11,10.539999961853027,10.642999649047852,10.303000450134277,10.326000213623047,11201000,"KLAC | yfinance | raw OHLC, not adjusted"
2018-07-12,10.406000137329102,10.482000350952148,10.348999977111816,10.454999923706055,13634000,"KLAC | yfinance | raw OHLC, not adjusted"
2018-07-13,10.458999633789062,10.506999969482422,10.413999557495117,10.486000061035156,6069000,"KLAC | yfinance | raw OHLC, not adjusted"
2018-07-16,10.470000267028809,10.472000122070312,10.395999908447266,10.416000366210938,9039000,"KLAC | yfinance | raw OHLC, not adjusted"
2018-07-17,10.362000465393066,10.604000091552734,10.362000465393066,10.58899974822998,20376000,"KLAC | yfinance | raw OHLC, not adjusted"
2018-07-18,10.76200008392334,11.081999778747559,10.744999885559082,11.02299976348877,17533000,"KLAC | yfinance | raw OHLC, not adjusted"
2018-07-19,10.920999526977539,10.977999687194824,10.706999778747559,10.848999977111816,13147000,"KLAC | yfinance | raw OHLC, not adjusted"
2018-07-20,10.800999641418457,10.800999641418457,10.645000457763672,10.692000389099121,11056000,"KLAC | yfinance | raw OHLC, not adjusted"
2018-07-23,10.67199993133545,10.730999946594238,10.468000411987305,10.694000244140625,8529000,"KLAC | yfinance | raw OHLC, not adjusted"
2018-07-24,10.767000198364258,10.859999656677246,10.366999626159668,10.395000457763672,16884000,"KLAC | yfinance | raw OHLC, not adjusted"
2018-07-25,10.395000457763672,10.45199966430664,10.142000198364258,10.444000244140625,15637000,"KLAC | yfinance | raw OHLC, not adjusted"
2018-07-26,10.446000099182129,10.590999603271484,10.425000190734863,10.52299976348877,15488000,"KLAC | yfinance | raw OHLC, not adjusted"
2018-07-27,10.581999778747559,10.892999649047852,10.560999870300293,10.756999969482422,14192000,"KLAC | yfinance | raw OHLC, not adjusted"
2018-07-30,10.732000350952148,10.803000450134277,10.541999816894531,10.630000114440918,18635000,"KLAC | yfinance | raw OHLC, not adjusted"
2018-07-31,11.189000129699707,12.239999771118164,11.15999984741211,11.741999626159668,48679000,"KLAC | yfinance | raw OHLC, not adjusted"
2018-08-01,11.776000022888184,11.916999816894531,11.62399959564209,11.670999526977539,18391000,"KLAC | yfinance | raw OHLC, not adjusted"
2018-08-02,11.531000137329102,11.871000289916992,11.449999809265137,11.847000122070312,16232000,"KLAC | yfinance | raw OHLC, not adjusted"
2018-08-03,11.845000267028809,11.970000267028809,11.729000091552734,11.958999633789062,12479000,"KLAC | yfinance | raw OHLC, not adjusted"
2018-08-06,11.88700008392334,11.932999610900879,11.78600025177002,11.82699966430664,11517000,"KLAC | yfinance | raw OHLC, not adjusted"
2018-08-07,11.833000183105469,11.914999961853027,11.706000328063965,11.815999984741211,14143000,"KLAC | yfinance | raw OHLC, not adjusted"
2018-08-08,11.812999725341797,11.918999671936035,11.562000274658203,11.817000389099121,12412000,"KLAC | yfinance | raw OHLC, not adjusted"
2018-08-09,11.746000289916992,11.8149995803833,11.661999702453613,11.677000045776367,9991000,"KLAC | yfinance | raw OHLC, not adjusted"
2018-08-10,11.531000137329102,11.62600040435791,11.321000099182129,11.42300033569336,23406000,"KLAC | yfinance | raw OHLC, not adjusted"
2018-08-13,11.475000381469727,11.619000434875488,11.425999641418457,11.614999771118164,15822000,"KLAC | yfinance | raw OHLC, not adjusted"
2018-08-14,11.678000450134277,11.737000465393066,11.517999649047852,11.531999588012695,10944000,"KLAC | yfinance | raw OHLC, not adjusted"
2018-08-15,11.387999534606934,11.413999557495117,11.173999786376953,11.274999618530273,17225000,"KLAC | yfinance | raw OHLC, not adjusted"
2018-08-16,11.342000007629395,11.399999618530273,11.180999755859375,11.223999977111816,14820000,"KLAC | yfinance | raw OHLC, not adjusted"
2018-08-17,11.093000411987305,11.305999755859375,10.836000442504883,11.239999771118164,28164000,"KLAC | yfinance | raw OHLC, not adjusted"
2018-08-20,11.281999588012695,11.288000106811523,11.062999725341797,11.093000411987305,12428000,"KLAC | yfinance | raw OHLC, not adjusted"
2018-08-21,11.104999542236328,11.383000373840332,11.093000411987305,11.329000473022461,14536000,"KLAC | yfinance | raw OHLC, not adjusted"
2018-08-22,11.302000045776367,11.470999717712402,11.220999717712402,11.401000022888184,11583000,"KLAC | yfinance | raw OHLC, not adjusted"
2018-08-23,11.37399959564209,11.473999977111816,11.33899974822998,11.392999649047852,7663000,"KLAC | yfinance | raw OHLC, not adjusted"
2018-08-24,11.479000091552734,11.57800006866455,11.432999610900879,11.543999671936035,8538000,"KLAC | yfinance | raw OHLC, not adjusted"
2018-08-27,11.630000114440918,11.835000038146973,11.586000442504883,11.748000144958496,11064000,"KLAC | yfinance | raw OHLC, not adjusted"
2018-08-28,11.776000022888184,11.829999923706055,11.593999862670898,11.736000061035156,8242000,"KLAC | yfinance | raw OHLC, not adjusted"
2018-08-29,11.743000030517578,11.77299976348877,11.621999740600586,11.67300033569336,10378000,"KLAC | yfinance | raw OHLC, not adjusted"
2018-08-30,11.642000198364258,11.753000259399414,11.611000061035156,11.675000190734863,11006000,"KLAC | yfinance | raw OHLC, not adjusted"
2018-08-31,11.67199993133545,11.751999855041504,11.60200023651123,11.621000289916992,8534000,"KLAC | yfinance | raw OHLC, not adjusted"
2018-09-04,11.729999542236328,11.854999542236328,11.545000076293945,11.819000244140625,16948000,"KLAC | yfinance | raw OHLC, not adjusted"
2018-09-05,11.746000289916992,11.930000305175781,11.687000274658203,11.883000373840332,15666000,"KLAC | yfinance | raw OHLC, not adjusted"
2018-09-06,11.675000190734863,11.843000411987305,10.612000465393066,10.727999687194824,36926000,"KLAC | yfinance | raw OHLC, not adjusted"
2018-09-07,10.663999557495117,10.777999877929688,10.388999938964844,10.418000221252441,21201000,"KLAC | yfinance | raw OHLC, not adjusted"
2018-09-10,10.51099967956543,10.597000122070312,10.350000381469727,10.569000244140625,16801000,"KLAC | yfinance | raw OHLC, not adjusted"
2018-09-11,10.508999824523926,10.630999565124512,10.46500015258789,10.562000274658203,17906000,"KLAC | yfinance | raw OHLC, not adjusted"
2018-09-12,10.187999725341797,10.32800006866455,10.029999732971191,10.289999961853027,22369000,"KLAC | yfinance | raw OHLC, not adjusted"
2018-09-13,10.449999809265137,10.75,10.369000434875488,10.416000366210938,13972000,"KLAC | yfinance | raw OHLC, not adjusted"
2018-09-14,10.449999809265137,10.5649995803833,10.385000228881836,10.446999549865723,13864000,"KLAC | yfinance | raw OHLC, not adjusted"
2018-09-17,10.456000328063965,10.52400016784668,10.291999816894531,10.32699966430664,14940000,"KLAC | yfinance | raw OHLC, not adjusted"
2018-09-18,10.369999885559082,10.46399974822998,10.29699993133545,10.359000205993652,14742000,"KLAC | yfinance | raw OHLC, not adjusted"
2018-09-19,10.380000114440918,10.402000427246094,10.192999839782715,10.244999885559082,16475000,"KLAC | yfinance | raw OHLC, not adjusted"
2018-09-20,10.333000183105469,10.461999893188477,10.305000305175781,10.392000198364258,23791000,"KLAC | yfinance | raw OHLC, not adjusted"
2018-09-21,10.472000122070312,10.545000076293945,10.354000091552734,10.45199966430664,31953000,"KLAC | yfinance | raw OHLC, not adjusted"
2018-09-24,10.343999862670898,10.512999534606934,10.317000389099121,10.437999725341797,11266000,"KLAC | yfinance | raw OHLC, not adjusted"
2018-09-25,10.42199993133545,10.4399995803833,10.206999778747559,10.236000061035156,12608000,"KLAC | yfinance | raw OHLC, not adjusted"
2018-09-26,10.140000343322754,10.295999526977539,10.04699993133545,10.057999610900879,14906000,"KLAC | yfinance | raw OHLC, not adjusted"
2018-09-27,10.130999565124512,10.199999809265137,10.07699966430664,10.090999603271484,12289000,"KLAC | yfinance | raw OHLC, not adjusted"
2018-09-28,10.076000213623047,10.243000030517578,9.958000183105469,10.170999526977539,27778000,"KLAC | yfinance | raw OHLC, not adjusted"
2018-10-01,10.246000289916992,10.265999794006348,10.052000045776367,10.076000213623047,14006000,"KLAC | yfinance | raw OHLC, not adjusted"
2018-10-02,10.069999694824219,10.284000396728516,10.062999725341797,10.097000122070312,12791000,"KLAC | yfinance | raw OHLC, not adjusted"
2018-10-03,10.15999984741211,10.29699993133545,10.012999534606934,10.281000137329102,12795000,"KLAC | yfinance | raw OHLC, not adjusted"
2018-10-04,10.187999725341797,10.199000358581543,9.888999938964844,10.135000228881836,30397000,"KLAC | yfinance | raw OHLC, not adjusted"
2018-10-05,10.144000053405762,10.17300033569336,9.854000091552734,9.934000015258789,14723000,"KLAC | yfinance | raw OHLC, not adjusted"
2018-10-08,9.902000427246094,9.96399974822998,9.732999801635742,9.92199993133545,12031000,"KLAC | yfinance | raw OHLC, not adjusted"
2018-10-09,10.017999649047852,10.121000289916992,9.774999618530273,9.914999961853027,23447000,"KLAC | yfinance | raw OHLC, not adjusted"
2018-10-10,9.762999534606934,9.78499984741211,9.37399959564209,9.385000228881836,35765000,"KLAC | yfinance | raw OHLC, not adjusted"
2018-10-11,9.411999702453613,9.597999572753906,9.128999710083008,9.177000045776367,21298000,"KLAC | yfinance | raw OHLC, not adjusted"
2018-10-12,9.409000396728516,9.491999626159668,9.164999961853027,9.319000244140625,14820000,"KLAC | yfinance | raw OHLC, not adjusted"
2018-10-15,9.307000160217285,9.35200023651123,9.105999946594238,9.109000205993652,15645000,"KLAC | yfinance | raw OHLC, not adjusted"
2018-10-16,9.164999961853027,9.314000129699707,9.09000015258789,9.295999526977539,16244000,"KLAC | yfinance | raw OHLC, not adjusted"
2018-10-17,9.697999954223633,9.699999809265137,9.321000099182129,9.381999969482422,19378000,"KLAC | yfinance | raw OHLC, not adjusted"
2018-10-18,9.329000473022461,9.354999542236328,9.109000205993652,9.133999824523926,15844000,"KLAC | yfinance | raw OHLC, not adjusted"
2018-10-19,9.16100025177002,9.281999588012695,9.01200008392334,9.081000328063965,19615000,"KLAC | yfinance | raw OHLC, not adjusted"
2018-10-22,9.111000061035156,9.156999588012695,8.909000396728516,9.027999877929688,19961000,"KLAC | yfinance | raw OHLC, not adjusted"
2018-10-23,8.78600025177002,9.081999778747559,8.70199966430664,9.048999786376953,14121000,"KLAC | yfinance | raw OHLC, not adjusted"
2018-10-24,8.920999526977539,8.956000328063965,8.58899974822998,8.600000381469727,23126000,"KLAC | yfinance | raw OHLC, not adjusted"
2018-10-25,8.753999710083008,8.956999778747559,8.699999809265137,8.902999877929688,16192000,"KLAC | yfinance | raw OHLC, not adjusted"
2018-10-26,8.699999809265137,8.906000137329102,8.600000381469727,8.720999717712402,26856000,"KLAC | yfinance | raw OHLC, not adjusted"
2018-10-29,8.866999626159668,8.904000282287598,8.458999633789062,8.512999534606934,21132000,"KLAC | yfinance | raw OHLC, not adjusted"
2018-10-30,8.850000381469727,9.248000144958496,8.70199966430664,9.15999984741211,28996000,"KLAC | yfinance | raw OHLC, not adjusted"
2018-10-31,9.270999908447266,9.274999618530273,9.003999710083008,9.154000282287598,16878000,"KLAC | yfinance | raw OHLC, not adjusted"
2018-11-01,9.194999694824219,9.548999786376953,9.130999565124512,9.491999626159668,29514000,"KLAC | yfinance | raw OHLC, not adjusted"
2018-11-02,9.510000228881836,9.598999977111816,9.258000373840332,9.329000473022461,15788000,"KLAC | yfinance | raw OHLC, not adjusted"
2018-11-05,9.32800006866455,9.401000022888184,9.12600040435791,9.25100040435791,24690000,"KLAC | yfinance | raw OHLC, not adjusted"
2018-11-06,9.284000396728516,9.522000312805176,9.21500015258789,9.505000114440918,15856000,"KLAC | yfinance | raw OHLC, not adjusted"
2018-11-07,9.604000091552734,9.718999862670898,9.39799976348877,9.651000022888184,22559000,"KLAC | yfinance | raw OHLC, not adjusted"
2018-11-08,9.571000099182129,9.746999740600586,9.532999992370605,9.704999923706055,14305000,"KLAC | yfinance | raw OHLC, not adjusted"
2018-11-09,9.600000381469727,9.67300033569336,9.440999984741211,9.527999877929688,16490000,"KLAC | yfinance | raw OHLC, not adjusted"
2018-11-12,9.37399959564209,9.505000114440918,9.163999557495117,9.229000091552734,19598000,"KLAC | yfinance | raw OHLC, not adjusted"
2018-11-13,9.27299976348877,9.543999671936035,9.27299976348877,9.342000007629395,24765000,"KLAC | yfinance | raw OHLC, not adjusted"
2018-11-14,9.42199993133545,9.515000343322754,9.211000442504883,9.232000350952148,20937000,"KLAC | yfinance | raw OHLC, not adjusted"
2018-11-15,9.126999855041504,9.505000114440918,9.076000213623047,9.444000244140625,20268000,"KLAC | yfinance | raw OHLC, not adjusted"
2018-11-16,9.258999824523926,9.767999649047852,9.182999610900879,9.6899995803833,30263000,"KLAC | yfinance | raw OHLC, not adjusted"
2018-11-19,9.611000061035156,9.690999984741211,9.208999633789062,9.232999801635742,25019000,"KLAC | yfinance | raw OHLC, not adjusted"
2018-11-20,9.03600025177002,9.560999870300293,9.024999618530273,9.447999954223633,16254000,"KLAC | yfinance | raw OHLC, not adjusted"
2018-11-21,9.562000274658203,9.640000343322754,9.380000114440918,9.473999977111816,11924000,"KLAC | yfinance | raw OHLC, not adjusted"
2018-11-23,9.416999816894531,9.583999633789062,9.300000190734863,9.430999755859375,6933000,"KLAC | yfinance | raw OHLC, not adjusted"
2018-11-26,9.57699966430664,9.607000350952148,9.411999702453613,9.583000183105469,13115000,"KLAC | yfinance | raw OHLC, not adjusted"
2018-11-27,9.517000198364258,9.656000137329102,9.480999946594238,9.633000373840332,11601000,"KLAC | yfinance | raw OHLC, not adjusted"
2018-11-28,9.722000122070312,9.888999938964844,9.567999839782715,9.873000144958496,13585000,"KLAC | yfinance | raw OHLC, not adjusted"
2018-11-29,9.8100004196167,9.859000205993652,9.65999984741211,9.668999671936035,10417000,"KLAC | yfinance | raw OHLC, not adjusted"
2018-11-30,9.647000312805176,9.868000030517578,9.600000381469727,9.855999946594238,14997000,"KLAC | yfinance | raw OHLC, not adjusted"
2018-12-03,10.045999526977539,10.163999557495117,9.963000297546387,10.114999771118164,23119000,"KLAC | yfinance | raw OHLC, not adjusted"
2018-12-04,9.920999526977539,9.98900032043457,9.572999954223633,9.592000007629395,26429000,"KLAC | yfinance | raw OHLC, not adjusted"
2018-12-06,9.420999526977539,9.560999870300293,9.345000267028809,9.555999755859375,21944000,"KLAC | yfinance | raw OHLC, not adjusted"
2018-12-07,9.541999816894531,9.60099983215332,9.15999984741211,9.218999862670898,11915000,"KLAC | yfinance | raw OHLC, not adjusted"
2018-12-10,9.222000122070312,9.345000267028809,9.118000030517578,9.227999687194824,11568000,"KLAC | yfinance | raw OHLC, not adjusted"
2018-12-11,9.427000045776367,9.541000366210938,9.166999816894531,9.27299976348877,16828000,"KLAC | yfinance | raw OHLC, not adjusted"
2018-12-12,9.48900032043457,9.48900032043457,9.180000305175781,9.354000091552734,21076000,"KLAC | yfinance | raw OHLC, not adjusted"
2018-12-13,9.395999908447266,9.447999954223633,9.204999923706055,9.267999649047852,11055000,"KLAC | yfinance | raw OHLC, not adjusted"
2018-12-14,9.11299991607666,9.194999694824219,8.947999954223633,8.951000213623047,19001000,"KLAC | yfinance | raw OHLC, not adjusted"
2018-12-17,8.944000244140625,9.123000144958496,8.829999923706055,8.894000053405762,20654000,"KLAC | yfinance | raw OHLC, not adjusted"
2018-12-18,9.012999534606934,9.312999725341797,8.965999603271484,9.001999855041504,23402000,"KLAC | yfinance | raw OHLC, not adjusted"
2018-12-19,8.96399974822998,9.201000213623047,8.633000373840332,8.694000244140625,25043000,"KLAC | yfinance | raw OHLC, not adjusted"
2018-12-20,8.699000358581543,8.8149995803833,8.482999801635742,8.59000015258789,21401000,"KLAC | yfinance | raw OHLC, not adjusted"
2018-12-21,8.682000160217285,8.873000144958496,8.461000442504883,8.567000389099121,42730000,"KLAC | yfinance | raw OHLC, not adjusted"
2018-12-24,8.458000183105469,8.508999824523926,8.11400032043457,8.123000144958496,17002000,"KLAC | yfinance | raw OHLC, not adjusted"
2018-12-26,8.204999923706055,8.609000205993652,8.0649995803833,8.604999542236328,16640000,"KLAC | yfinance | raw OHLC, not adjusted"
2018-12-27,8.472999572753906,8.840999603271484,8.468999862670898,8.829999923706055,15210000,"KLAC | yfinance | raw OHLC, not adjusted"
2018-12-28,8.829999923706055,9.034000396728516,8.800000190734863,8.86299991607666,12568000,"KLAC | yfinance | raw OHLC, not adjusted"
2018-12-31,9.00100040435791,9.045000076293945,8.833000183105469,8.949000358581543,10446000,"KLAC | yfinance | raw OHLC, not adjusted"
2019-01-02,8.753000259399414,9.168999671936035,8.753000259399414,9.090999603271484,12250000,"KLAC | yfinance | raw OHLC, not adjusted"
2019-01-03,8.840999603271484,9.0,8.569000244140625,8.581000328063965,18684000,"KLAC | yfinance | raw OHLC, not adjusted"
2019-01-04,8.725000381469727,9.137999534606934,8.720999717712402,9.130000114440918,16922000,"KLAC | yfinance | raw OHLC, not adjusted"
2019-01-07,9.126999855041504,9.342000007629395,9.0649995803833,9.260000228881836,13335000,"KLAC | yfinance | raw OHLC, not adjusted"
2019-01-08,9.348999977111816,9.348999977111816,8.935999870300293,9.11299991607666,18470000,"KLAC | yfinance | raw OHLC, not adjusted"
2019-01-09,9.196999549865723,9.451000213623047,9.196999549865723,9.347999572753906,14719000,"KLAC | yfinance | raw OHLC, not adjusted"
2019-01-10,9.253999710083008,9.390999794006348,9.201000213623047,9.371000289916992,11310000,"KLAC | yfinance | raw OHLC, not adjusted"
2019-01-11,9.305000305175781,9.49899959564209,9.300000190734863,9.402999877929688,7933000,"KLAC | yfinance | raw OHLC, not adjusted"
2019-01-14,9.281999588012695,9.35200023651123,9.175999641418457,9.243000030517578,8992000,"KLAC | yfinance | raw OHLC, not adjusted"
2019-01-15,9.321999549865723,9.378999710083008,9.180999755859375,9.251999855041504,7644000,"KLAC | yfinance | raw OHLC, not adjusted"
2019-01-16,9.192000389099121,9.300000190734863,9.079999923706055,9.095999717712402,11345000,"KLAC | yfinance | raw OHLC, not adjusted"
2019-01-17,9.04699993133545,9.300999641418457,8.993000030517578,9.291999816894531,18532000,"KLAC | yfinance | raw OHLC, not adjusted"
2019-01-18,9.406000137329102,9.711000442504883,9.362000465393066,9.572999954223633,15164000,"KLAC | yfinance | raw OHLC, not adjusted"
2019-01-22,9.517999649047852,9.517999649047852,9.258000373840332,9.321000099182129,15485000,"KLAC | yfinance | raw OHLC, not adjusted"
2019-01-23,9.399999618530273,9.451000213623047,9.105999946594238,9.1850004196167,13617000,"KLAC | yfinance | raw OHLC, not adjusted"
2019-01-24,9.472000122070312,9.859999656677246,9.399999618530273,9.829000473022461,18437000,"KLAC | yfinance | raw OHLC, not adjusted"
2019-01-25,10.01200008392334,10.232999801635742,10.008000373840332,10.138999938964844,18420000,"KLAC | yfinance | raw OHLC, not adjusted"
2019-01-28,9.91100025177002,10.277999877929688,9.864999771118164,10.168000221252441,16829000,"KLAC | yfinance | raw OHLC, not adjusted"
2019-01-29,10.239999771118164,10.243000030517578,10.03499984741211,10.098999977111816,18397000,"KLAC | yfinance | raw OHLC, not adjusted"
2019-01-30,10.39799976348877,10.63700008392334,10.187000274658203,10.597999572753906,24939000,"KLAC | yfinance | raw OHLC, not adjusted"
2019-01-31,10.541999816894531,10.864999771118164,10.465999603271484,10.656999588012695,22171000,"KLAC | yfinance | raw OHLC, not adjusted"
2019-02-01,10.694000244140625,10.767999649047852,10.614999771118164,10.696000099182129,14430000,"KLAC | yfinance | raw OHLC, not adjusted"
2019-02-04,10.699999809265137,10.729999542236328,10.576000213623047,10.70300006866455,14993000,"KLAC | yfinance | raw OHLC, not adjusted"
2019-02-05,10.697999954223633,10.746000289916992,10.59000015258789,10.678000450134277,9641000,"KLAC | yfinance | raw OHLC, not adjusted"
2019-02-06,10.699000358581543,10.913999557495117,10.697999954223633,10.781999588012695,19930000,"KLAC | yfinance | raw OHLC, not adjusted"
2019-02-07,10.661999702453613,10.71399974822998,10.479999542236328,10.54800033569336,14768000,"KLAC | yfinance | raw OHLC, not adjusted"
2019-02-08,10.380000114440918,10.560999870300293,10.345000267028809,10.5600004196167,8899000,"KLAC | yfinance | raw OHLC, not adjusted"
2019-02-11,10.618000030517578,10.65999984741211,10.524999618530273,10.562000274658203,10462000,"KLAC | yfinance | raw OHLC, not adjusted"
2019-02-12,10.680999755859375,10.765000343322754,10.640000343322754,10.720000267028809,7570000,"KLAC | yfinance | raw OHLC, not adjusted"
2019-02-13,10.751999855041504,10.850000381469727,10.732000350952148,10.788000106811523,10758000,"KLAC | yfinance | raw OHLC, not adjusted"
2019-02-14,10.675000190734863,10.848999977111816,10.651000022888184,10.71399974822998,10136000,"KLAC | yfinance | raw OHLC, not adjusted"
2019-02-15,10.826000213623047,10.826000213623047,10.633000373840332,10.819000244140625,14017000,"KLAC | yfinance | raw OHLC, not adjusted"
2019-02-19,10.850000381469727,11.029999732971191,10.8100004196167,10.826000213623047,62959000,"KLAC | yfinance | raw OHLC, not adjusted"
2019-02-20,10.875,11.331999778747559,10.857000350952148,11.286999702453613,30224000,"KLAC | yfinance | raw OHLC, not adjusted"
2019-02-21,11.472000122070312,11.472000122070312,11.168000221252441,11.298999786376953,26048000,"KLAC | yfinance | raw OHLC, not adjusted"
2019-02-22,11.388999938964844,11.555999755859375,11.307000160217285,11.449000358581543,40376000,"KLAC | yfinance | raw OHLC, not adjusted"
2019-02-25,11.652999877929688,11.744999885559082,11.567999839782715,11.576000213623047,16118000,"KLAC | yfinance | raw OHLC, not adjusted"
2019-02-26,11.583000183105469,11.654999732971191,11.569000244140625,11.612000465393066,14479000,"KLAC | yfinance | raw OHLC, not adjusted"
2019-02-27,11.553000450134277,11.57699966430664,11.270000457763672,11.489999771118164,20969000,"KLAC | yfinance | raw OHLC, not adjusted"
2019-02-28,11.418000221252441,11.567000389099121,11.369999885559082,11.548999786376953,16040000,"KLAC | yfinance | raw OHLC, not adjusted"
2019-03-01,11.663999557495117,11.762999534606934,11.520000457763672,11.57800006866455,12738000,"KLAC | yfinance | raw OHLC, not adjusted"
2019-03-04,11.694000244140625,11.774999618530273,11.529000282287598,11.670999526977539,13669000,"KLAC | yfinance | raw OHLC, not adjusted"
2019-03-05,11.58899974822998,11.6850004196167,11.52400016784668,11.52400016784668,14452000,"KLAC | yfinance | raw OHLC, not adjusted"
2019-03-06,11.543000221252441,11.574000358581543,11.418000221252441,11.449999809265137,17150000,"KLAC | yfinance | raw OHLC, not adjusted"
2019-03-07,11.505000114440918,11.564000129699707,11.329000473022461,11.463000297546387,17162000,"KLAC | yfinance | raw OHLC, not adjusted"
2019-03-08,11.303000450134277,11.432000160217285,11.241000175476074,11.395000457763672,14046000,"KLAC | yfinance | raw OHLC, not adjusted"
2019-03-11,11.482000350952148,11.732000350952148,11.470000267028809,11.692999839782715,14462000,"KLAC | yfinance | raw OHLC, not adjusted"
2019-03-12,11.743000030517578,11.782999992370605,11.616999626159668,11.666999816894531,14073000,"KLAC | yfinance | raw OHLC, not adjusted"
2019-03-13,11.73900032043457,11.821999549865723,11.616999626159668,11.687999725341797,16160000,"KLAC | yfinance | raw OHLC, not adjusted"
2019-03-14,11.680999755859375,11.862000465393066,11.654000282287598,11.718999862670898,14490000,"KLAC | yfinance | raw OHLC, not adjusted"
2019-03-15,11.809000015258789,12.031999588012695,11.784000396728516,11.961999893188477,29498000,"KLAC | yfinance | raw OHLC, not adjusted"
2019-03-18,11.98900032043457,12.168000221252441,11.935999870300293,11.98799991607666,17755000,"KLAC | yfinance | raw OHLC, not adjusted"
2019-03-19,11.99899959564209,12.098999977111816,11.97700023651123,12.015999794006348,12561000,"KLAC | yfinance | raw OHLC, not adjusted"
2019-03-20,12.032999992370605,12.088000297546387,11.904000282287598,11.993000030517578,13018000,"KLAC | yfinance | raw OHLC, not adjusted"
2019-03-21,12.012999534606934,12.468000411987305,11.998000144958496,12.380000114440918,14845000,"KLAC | yfinance | raw OHLC, not adjusted"
2019-03-22,12.295000076293945,12.392999649047852,12.031999588012695,12.053000450134277,15930000,"KLAC | yfinance | raw OHLC, not adjusted"
2019-03-25,12.024999618530273,12.100000381469727,11.878000259399414,11.9399995803833,8724000,"KLAC | yfinance | raw OHLC, not adjusted"
2019-03-26,12.060999870300293,12.125,11.925000190734863,12.003999710083008,10799000,"KLAC | yfinance | raw OHLC, not adjusted"
2019-03-27,12.017000198364258,12.086000442504883,11.670000076293945,11.8100004196167,14743000,"KLAC | yfinance | raw OHLC, not adjusted"
2019-03-28,11.855999946594238,11.907999992370605,11.642999649047852,11.746999740600586,8085000,"KLAC | yfinance | raw OHLC, not adjusted"
2019-03-29,11.875,11.960000038146973,11.812000274658203,11.940999984741211,12196000,"KLAC | yfinance | raw OHLC, not adjusted"
2019-04-01,11.98799991607666,12.22599983215332,11.940999984741211,12.215999603271484,12399000,"KLAC | yfinance | raw OHLC, not adjusted"
2019-04-02,12.272000312805176,12.288999557495117,12.123000144958496,12.194999694824219,8943000,"KLAC | yfinance | raw OHLC, not adjusted"
2019-04-03,12.329999923706055,12.420000076293945,12.267999649047852,12.406999588012695,19609000,"KLAC | yfinance | raw OHLC, not adjusted"
2019-04-04,12.401000022888184,12.526000022888184,12.3100004196167,12.39900016784668,8981000,"KLAC | yfinance | raw OHLC, not adjusted"
2019-04-05,12.456999778747559,12.550000190734863,12.380999565124512,12.434000015258789,11457000,"KLAC | yfinance | raw OHLC, not adjusted"
2019-04-08,12.399999618530273,12.489999771118164,12.319000244140625,12.472000122070312,9265000,"KLAC | yfinance | raw OHLC, not adjusted"
2019-04-09,12.227999687194824,12.355999946594238,12.121000289916992,12.213000297546387,15533000,"KLAC | yfinance | raw OHLC, not adjusted"
2019-04-10,12.189000129699707,12.362000465393066,12.175000190734863,12.333999633789062,10605000,"KLAC | yfinance | raw OHLC, not adjusted"
2019-04-11,12.414999961853027,12.437999725341797,12.223999977111816,12.291000366210938,10372000,"KLAC | yfinance | raw OHLC, not adjusted"
2019-04-12,12.416999816894531,12.449999809265137,12.211999893188477,12.343000411987305,12992000,"KLAC | yfinance | raw OHLC, not adjusted"
2019-04-15,12.35200023651123,12.359000205993652,12.121000289916992,12.225000381469727,13226000,"KLAC | yfinance | raw OHLC, not adjusted"
2019-04-16,12.279999732971191,12.451000213623047,12.267000198364258,12.4350004196167,19425000,"KLAC | yfinance | raw OHLC, not adjusted"
2019-04-17,12.550000190734863,12.583999633789062,12.244999885559082,12.371999740600586,15038000,"KLAC | yfinance | raw OHLC, not adjusted"
2019-04-18,12.439000129699707,12.458000183105469,12.322999954223633,12.420000076293945,10805000,"KLAC | yfinance | raw OHLC, not adjusted"
2019-04-22,12.37600040435791,12.37600040435791,12.27400016784668,12.307000160217285,6488000,"KLAC | yfinance | raw OHLC, not adjusted"
2019-04-23,12.32800006866455,12.383000373840332,12.258000373840332,12.315999984741211,12089000,"KLAC | yfinance | raw OHLC, not adjusted"
2019-04-24,12.35200023651123,12.741999626159668,12.302000045776367,12.564000129699707,11874000,"KLAC | yfinance | raw OHLC, not adjusted"
2019-04-25,12.711999893188477,12.821000099182129,12.394000053405762,12.541000366210938,13057000,"KLAC | yfinance | raw OHLC, not adjusted"
2019-04-26,12.428999900817871,12.588000297546387,12.32800006866455,12.579000473022461,11968000,"KLAC | yfinance | raw OHLC, not adjusted"
2019-04-29,12.560999870300293,12.645000457763672,12.473999977111816,12.604999542236328,12207000,"KLAC | yfinance | raw OHLC, not adjusted"
2019-04-30,12.604999542236328,12.762999534606934,12.571000099182129,12.748000144958496,11199000,"KLAC | yfinance | raw OHLC, not adjusted"
2019-05-01,12.843000411987305,12.890000343322754,12.595000267028809,12.595999717712402,8257000,"KLAC | yfinance | raw OHLC, not adjusted"
2019-05-02,12.605999946594238,12.892999649047852,12.5649995803833,12.817000389099121,14766000,"KLAC | yfinance | raw OHLC, not adjusted"
2019-05-03,12.85200023651123,12.902999877929688,12.760000228881836,12.847000122070312,12573000,"KLAC | yfinance | raw OHLC, not adjusted"
2019-05-06,12.508999824523926,12.560999870300293,12.38700008392334,12.461000442504883,14587000,"KLAC | yfinance | raw OHLC, not adjusted"
2019-05-07,11.954999923706055,11.97599983215332,11.440999984741211,11.696000099182129,45894000,"KLAC | yfinance | raw OHLC, not adjusted"
2019-05-08,11.625,11.70300006866455,11.42199993133545,11.454999923706055,23112000,"KLAC | yfinance | raw OHLC, not adjusted"
2019-05-09,11.331999778747559,11.470000267028809,11.109999656677246,11.413000106811523,27511000,"KLAC | yfinance | raw OHLC, not adjusted"
2019-05-10,11.409000396728516,11.616999626159668,11.187000274658203,11.402000427246094,21329000,"KLAC | yfinance | raw OHLC, not adjusted"
2019-05-13,11.020999908447266,11.144000053405762,10.819999694824219,10.883000373840332,19651000,"KLAC | yfinance | raw OHLC, not adjusted"
2019-05-14,10.928000450134277,11.09000015258789,10.82800006866455,10.956999778747559,19998000,"KLAC | yfinance | raw OHLC, not adjusted"
2019-05-15,10.878999710083008,11.116000175476074,10.833999633789062,11.03499984741211,24611000,"KLAC | yfinance | raw OHLC, not adjusted"
2019-05-16,10.972999572753906,11.001999855041504,10.842000007629395,10.878000259399414,19568000,"KLAC | yfinance | raw OHLC, not adjusted"
2019-05-17,10.772000312805176,11.031999588012695,10.734999656677246,10.859999656677246,17475000,"KLAC | yfinance | raw OHLC, not adjusted"
2019-05-20,10.562000274658203,10.72700023651123,10.505000114440918,10.560999870300293,21525000,"KLAC | yfinance | raw OHLC, not adjusted"
2019-05-21,10.70300006866455,10.84000015258789,10.66100025177002,10.682999610900879,17380000,"KLAC | yfinance | raw OHLC, not adjusted"
2019-05-22,10.572999954223633,10.663999557495117,10.51200008392334,10.58899974822998,12558000,"KLAC | yfinance | raw OHLC, not adjusted"
2019-05-23,10.427000045776367,10.491999626159668,10.293000221252441,10.45300006866455,14232000,"KLAC | yfinance | raw OHLC, not adjusted"
2019-05-24,10.515999794006348,10.572999954223633,10.366000175476074,10.380999565124512,10072000,"KLAC | yfinance | raw OHLC, not adjusted"
2019-05-28,10.52400016784668,10.52400016784668,10.239999771118164,10.27400016784668,25743000,"KLAC | yfinance | raw OHLC, not adjusted"
2019-05-29,10.192000389099121,10.371999740600586,10.190999984741211,10.33899974822998,18971000,"KLAC | yfinance | raw OHLC, not adjusted"
2019-05-30,10.38599967956543,10.550999641418457,10.359000205993652,10.449999809265137,17778000,"KLAC | yfinance | raw OHLC, not adjusted"
2019-05-31,10.289999961853027,10.505999565124512,10.265999794006348,10.307000160217285,13731000,"KLAC | yfinance | raw OHLC, not adjusted"
2019-06-03,10.37600040435791,10.477999687194824,10.133999824523926,10.178000450134277,19234000,"KLAC | yfinance | raw OHLC, not adjusted"
2019-06-04,10.309000015258789,10.545000076293945,10.199000358581543,10.531999588012695,20742000,"KLAC | yfinance | raw OHLC, not adjusted"
2019-06-05,10.64900016784668,10.76099967956543,10.444999694824219,10.630999565124512,16587000,"KLAC | yfinance | raw OHLC, not adjusted"
2019-06-06,10.652999877929688,10.833999633789062,10.586000442504883,10.78600025177002,19391000,"KLAC | yfinance | raw OHLC, not adjusted"
2019-06-07,10.864999771118164,10.98900032043457,10.788999557495117,10.942000389099121,10967000,"KLAC | yfinance | raw OHLC, not adjusted"
2019-06-10,11.085000038146973,11.416999816894531,10.967000007629395,11.345999717712402,15164000,"KLAC | yfinance | raw OHLC, not adjusted"
2019-06-11,11.513999938964844,11.61400032043457,11.340999603271484,11.42300033569336,14980000,"KLAC | yfinance | raw OHLC, not adjusted"
2019-06-12,11.23799991607666,11.383999824523926,10.991000175476074,11.010000228881836,17715000,"KLAC | yfinance | raw OHLC, not adjusted"
2019-06-13,11.079999923706055,11.164999961853027,10.991000175476074,11.093999862670898,10745000,"KLAC | yfinance | raw OHLC, not adjusted"
2019-06-14,10.88599967956543,11.039999961853027,10.769000053405762,10.970000267028809,11909000,"KLAC | yfinance | raw OHLC, not adjusted"
2019-06-17,10.973999977111816,10.991000175476074,10.788999557495117,10.793000221252441,16354000,"KLAC | yfinance | raw OHLC, not adjusted"
2019-06-18,10.954000473022461,11.289999961853027,10.881999969482422,11.16100025177002,19698000,"KLAC | yfinance | raw OHLC, not adjusted"
2019-06-19,11.194999694824219,11.300999641418457,11.118000030517578,11.22599983215332,11875000,"KLAC | yfinance | raw OHLC, not adjusted"
2019-06-20,11.425999641418457,11.484000205993652,11.29699993133545,11.378999710083008,9064000,"KLAC | yfinance | raw OHLC, not adjusted"
2019-06-21,11.418000221252441,11.5,11.300999641418457,11.392999649047852,27022000,"KLAC | yfinance | raw OHLC, not adjusted"
2019-06-24,11.432999610900879,11.456999778747559,11.317999839782715,11.321999549865723,13367000,"KLAC | yfinance | raw OHLC, not adjusted"
2019-06-25,11.373000144958496,11.526000022888184,11.295999526977539,11.307000160217285,15778000,"KLAC | yfinance | raw OHLC, not adjusted"
2019-06-26,11.496999740600586,11.710000038146973,11.385000228881836,11.6850004196167,14166000,"KLAC | yfinance | raw OHLC, not adjusted"
2019-06-27,11.732000350952148,11.92300033569336,11.718999862670898,11.77400016784668,8817000,"KLAC | yfinance | raw OHLC, not adjusted"
2019-06-28,11.894000053405762,11.970999717712402,11.776000022888184,11.819999694824219,12266000,"KLAC | yfinance | raw OHLC, not adjusted"
2019-07-01,12.184000015258789,12.343000411987305,12.017000198364258,12.17199993133545,14476000,"KLAC | yfinance | raw OHLC, not adjusted"
2019-07-02,12.13599967956543,12.13599967956543,11.876999855041504,11.963000297546387,14478000,"KLAC | yfinance | raw OHLC, not adjusted"
2019-07-03,11.994000434875488,11.994000434875488,11.842000007629395,11.906000137329102,11957000,"KLAC | yfinance | raw OHLC, not adjusted"
2019-07-05,11.756999969482422,11.8149995803833,11.633000373840332,11.789999961853027,9301000,"KLAC | yfinance | raw OHLC, not adjusted"
2019-07-08,11.687999725341797,11.795999526977539,11.670999526977539,11.734999656677246,11073000,"KLAC | yfinance | raw OHLC, not adjusted"
2019-07-09,11.61299991607666,11.795999526977539,11.59000015258789,11.777999877929688,8642000,"KLAC | yfinance | raw OHLC, not adjusted"
2019-07-10,11.87399959564209,12.074999809265137,11.83899974822998,11.961000442504883,10719000,"KLAC | yfinance | raw OHLC, not adjusted"
2019-07-11,11.95199966430664,12.020999908447266,11.814000129699707,12.005999565124512,15599000,"KLAC | yfinance | raw OHLC, not adjusted"
2019-07-12,12.034000396728516,12.305999755859375,12.034000396728516,12.291999816894531,14124000,"KLAC | yfinance | raw OHLC, not adjusted"
2019-07-15,12.305000305175781,12.38700008392334,12.248000144958496,12.354000091552734,8546000,"KLAC | yfinance | raw OHLC, not adjusted"
2019-07-16,12.310999870300293,12.336999893188477,12.15999984741211,12.25,9055000,"KLAC | yfinance | raw OHLC, not adjusted"
2019-07-17,12.394000053405762,12.598999977111816,12.269000053405762,12.548999786376953,16497000,"KLAC | yfinance | raw OHLC, not adjusted"
2019-07-18,12.550000190734863,13.383999824523926,12.550000190734863,13.340999603271484,25047000,"KLAC | yfinance | raw OHLC, not adjusted"
2019-07-19,13.352999687194824,13.395000457763672,13.168000221252441,13.196000099182129,11715000,"KLAC | yfinance | raw OHLC, not adjusted"
2019-07-22,13.371000289916992,13.72700023651123,13.279000282287598,13.71500015258789,17764000,"KLAC | yfinance | raw OHLC, not adjusted"
2019-07-23,13.746000289916992,14.069999694824219,13.687000274658203,14.017000198364258,17222000,"KLAC | yfinance | raw OHLC, not adjusted"
2019-07-24,13.98799991607666,14.265999794006348,13.97700023651123,14.265000343322754,13562000,"KLAC | yfinance | raw OHLC, not adjusted"
2019-07-25,14.104999542236328,14.208000183105469,13.918000221252441,13.970000267028809,15872000,"KLAC | yfinance | raw OHLC, not adjusted"
2019-07-26,14.03499984741211,14.144000053405762,13.925999641418457,13.944999694824219,10659000,"KLAC | yfinance | raw OHLC, not adjusted"
2019-07-29,13.904000282287598,13.980999946594238,13.859000205993652,13.951000213623047,9225000,"KLAC | yfinance | raw OHLC, not adjusted"
2019-07-30,13.812999725341797,14.083000183105469,13.800000190734863,14.0,6148000,"KLAC | yfinance | raw OHLC, not adjusted"
2019-07-31,13.958000183105469,13.970000267028809,13.437000274658203,13.631999969482422,13312000,"KLAC | yfinance | raw OHLC, not adjusted"
2019-08-01,13.651000022888184,14.395000457763672,13.536999702453613,13.677000045776367,28087000,"KLAC | yfinance | raw OHLC, not adjusted"
2019-08-02,13.51200008392334,13.539999961853027,13.14900016784668,13.324000358581543,22695000,"KLAC | yfinance | raw OHLC, not adjusted"
2019-08-05,13.010000228881836,13.095999717712402,12.519000053405762,12.645999908447266,34805000,"KLAC | yfinance | raw OHLC, not adjusted"
2019-08-06,13.187000274658203,14.07699966430664,13.111000061035156,13.564000129699707,33435000,"KLAC | yfinance | raw OHLC, not adjusted"
2019-08-07,13.416000366210938,13.562000274658203,13.345999717712402,13.413999557495117,14281000,"KLAC | yfinance | raw OHLC, not adjusted"
2019-08-08,13.593999862670898,13.763999938964844,13.473999977111816,13.732999801635742,15543000,"KLAC | yfinance | raw OHLC, not adjusted"
2019-08-09,13.635000228881836,13.72599983215332,13.402999877929688,13.609000205993652,10256000,"KLAC | yfinance | raw OHLC, not adjusted"
2019-08-12,13.5,13.59000015258789,13.343000411987305,13.420000076293945,9419000,"KLAC | yfinance | raw OHLC, not adjusted"
2019-08-13,13.255000114440918,13.713000297546387,13.227999687194824,13.522000312805176,19335000,"KLAC | yfinance | raw OHLC, not adjusted"
2019-08-14,13.1899995803833,13.402999877929688,13.043000221252441,13.111000061035156,11390000,"KLAC | yfinance | raw OHLC, not adjusted"
2019-08-15,13.131999969482422,13.309000015258789,13.093000411987305,13.204000473022461,8116000,"KLAC | yfinance | raw OHLC, not adjusted"
2019-08-16,13.293999671936035,13.659000396728516,13.213000297546387,13.612000465393066,13367000,"KLAC | yfinance | raw OHLC, not adjusted"
2019-08-19,13.800000190734863,14.180000305175781,13.720000267028809,14.03600025177002,17074000,"KLAC | yfinance | raw OHLC, not adjusted"
2019-08-20,14.026000022888184,14.213000297546387,13.920999526977539,14.036999702453613,11574000,"KLAC | yfinance | raw OHLC, not adjusted"
2019-08-21,14.161999702453613,14.274999618530273,14.038000106811523,14.1899995803833,8362000,"KLAC | yfinance | raw OHLC, not adjusted"
2019-08-22,14.265000343322754,14.45199966430664,14.128000259399414,14.357000350952148,13334000,"KLAC | yfinance | raw OHLC, not adjusted"
2019-08-23,14.22599983215332,14.432000160217285,13.855999946594238,13.916000366210938,18889000,"KLAC | yfinance | raw OHLC, not adjusted"
2019-08-26,14.100000381469727,14.192000389099121,13.98900032043457,14.128999710083008,10208000,"KLAC | yfinance | raw OHLC, not adjusted"
2019-08-27,14.246000289916992,14.293000221252441,14.060999870300293,14.241999626159668,12303000,"KLAC | yfinance | raw OHLC, not adjusted"
2019-08-28,14.116000175476074,14.404999732971191,14.005000114440918,14.355999946594238,9966000,"KLAC | yfinance | raw OHLC, not adjusted"
2019-08-29,14.565999984741211,14.746999740600586,14.510000228881836,14.63700008392334,11556000,"KLAC | yfinance | raw OHLC, not adjusted"
2019-08-30,14.79800033569336,14.878000259399414,14.708999633789062,14.789999961853027,18206000,"KLAC | yfinance | raw OHLC, not adjusted"
2019-09-03,14.946000099182129,15.038999557495117,14.741000175476074,14.993000030517578,22189000,"KLAC | yfinance | raw OHLC, not adjusted"
2019-09-04,15.157999992370605,15.199999809265137,14.996999740600586,15.0649995803833,19825000,"KLAC | yfinance | raw OHLC, not adjusted"
2019-09-05,15.368000030517578,15.532999992370605,15.092000007629395,15.100000381469727,25782000,"KLAC | yfinance | raw OHLC, not adjusted"
2019-09-06,15.085000038146973,15.251999855041504,15.059000015258789,15.097999572753906,19854000,"KLAC | yfinance | raw OHLC, not adjusted"
2019-09-09,15.199000358581543,15.276000022888184,14.852999687194824,15.050999641418457,22458000,"KLAC | yfinance | raw OHLC, not adjusted"
2019-09-10,14.97700023651123,14.97700023651123,14.605999946594238,14.875,18858000,"KLAC | yfinance | raw OHLC, not adjusted"
2019-09-11,15.0,15.07699966430664,14.86299991607666,15.0649995803833,27902000,"KLAC | yfinance | raw OHLC, not adjusted"
2019-09-12,15.243000030517578,15.277000427246094,14.939000129699707,14.961000442504883,22821000,"KLAC | yfinance | raw OHLC, not adjusted"
2019-09-13,14.958000183105469,15.164999961853027,14.779999732971191,15.031999588012695,18798000,"KLAC | yfinance | raw OHLC, not adjusted"
2019-09-16,14.87600040435791,15.192000389099121,14.805999755859375,15.119000434875488,11922000,"KLAC | yfinance | raw OHLC, not adjusted"
2019-09-17,15.321000099182129,15.57800006866455,15.015999794006348,15.260000228881836,21344000,"KLAC | yfinance | raw OHLC, not adjusted"
2019-09-18,15.258999824523926,15.809000015258789,15.170000076293945,15.79800033569336,27183000,"KLAC | yfinance | raw OHLC, not adjusted"
2019-09-19,15.861000061035156,15.930000305175781,15.645999908447266,15.722000122070312,13670000,"KLAC | yfinance | raw OHLC, not adjusted"
2019-09-20,15.800999641418457,15.854000091552734,15.437000274658203,15.550000190734863,30943000,"KLAC | yfinance | raw OHLC, not adjusted"
2019-09-23,15.520000457763672,15.86299991607666,15.520000457763672,15.758000373840332,10401000,"KLAC | yfinance | raw OHLC, not adjusted"
2019-09-24,15.930999755859375,16.05500030517578,15.553000450134277,15.649999618530273,17247000,"KLAC | yfinance | raw OHLC, not adjusted"
2019-09-25,15.635000228881836,16.093000411987305,15.616999626159668,16.05900001525879,11989000,"KLAC | yfinance | raw OHLC, not adjusted"
2019-09-26,16.08799934387207,16.26799964904785,15.994000434875488,16.19499969482422,12684000,"KLAC | yfinance | raw OHLC, not adjusted"
2019-09-27,16.016000747680664,16.131999969482422,15.748000144958496,15.847999572753906,14591000,"KLAC | yfinance | raw OHLC, not adjusted"
2019-09-30,15.946000099182129,16.030000686645508,15.765000343322754,15.944999694824219,11151000,"KLAC | yfinance | raw OHLC, not adjusted"
2019-10-01,16.07900047302246,16.240999221801758,15.77299976348877,15.829000473022461,9178000,"KLAC | yfinance | raw OHLC, not adjusted"
2019-10-02,15.628000259399414,15.75,15.36299991607666,15.505000114440918,15699000,"KLAC | yfinance | raw OHLC, not adjusted"
2019-10-03,15.54699993133545,15.769000053405762,15.369000434875488,15.696000099182129,12562000,"KLAC | yfinance | raw OHLC, not adjusted"
2019-10-04,15.763999938964844,16.128999710083008,15.746999740600586,16.111000061035156,11655000,"KLAC | yfinance | raw OHLC, not adjusted"
2019-10-07,16.06999969482422,16.26799964904785,16.020000457763672,16.104999542236328,9087000,"KLAC | yfinance | raw OHLC, not adjusted"
2019-10-08,15.87600040435791,15.902999877929688,15.432999610900879,15.45199966430664,14765000,"KLAC | yfinance | raw OHLC, not adjusted"
2019-10-09,15.717000007629395,15.880999565124512,15.611000061035156,15.748000144958496,10120000,"KLAC | yfinance | raw OHLC, not adjusted"
2019-10-10,15.802000045776367,15.925999641418457,15.65999984741211,15.739999771118164,8733000,"KLAC | yfinance | raw OHLC, not adjusted"
2019-10-11,16.097000122070312,16.249000549316406,15.892999649047852,16.02199935913086,11747000,"KLAC | yfinance | raw OHLC, not adjusted"
2019-10-14,15.961999893188477,16.094999313354492,15.831000328063965,15.899999618530273,11244000,"KLAC | yfinance | raw OHLC, not adjusted"
2019-10-15,16.007999420166016,16.354000091552734,15.958000183105469,16.256000518798828,8709000,"KLAC | yfinance | raw OHLC, not adjusted"
2019-10-16,16.079999923706055,16.19700050354004,15.907999992370605,15.96399974822998,12750000,"KLAC | yfinance | raw OHLC, not adjusted"
2019-10-17,16.270999908447266,16.795000076293945,16.104000091552734,16.150999069213867,16117000,"KLAC | yfinance | raw OHLC, not adjusted"
2019-10-18,16.062999725341797,16.20199966430664,15.831999778747559,15.968999862670898,12196000,"KLAC | yfinance | raw OHLC, not adjusted"
2019-10-21,16.0310001373291,16.429000854492188,15.987000465393066,16.399999618530273,17764000,"KLAC | yfinance | raw OHLC, not adjusted"
2019-10-22,16.38800048828125,16.485000610351562,16.233999252319336,16.281999588012695,11839000,"KLAC | yfinance | raw OHLC, not adjusted"
2019-10-23,16.11400032043457,16.222000122070312,15.82699966430664,15.871999740600586,11101000,"KLAC | yfinance | raw OHLC, not adjusted"
2019-10-24,16.399999618530273,16.895000457763672,16.34600067138672,16.874000549316406,18124000,"KLAC | yfinance | raw OHLC, not adjusted"
2019-10-25,16.768999099731445,17.02899932861328,16.68000030517578,16.993999481201172,11017000,"KLAC | yfinance | raw OHLC, not adjusted"
2019-10-28,17.101999282836914,17.524999618530273,17.101999282836914,17.47800064086914,15862000,"KLAC | yfinance | raw OHLC, not adjusted"
2019-10-29,17.40999984741211,17.531999588012695,17.018999099731445,17.027999877929688,16936000,"KLAC | yfinance | raw OHLC, not adjusted"
2019-10-30,17.18199920654297,17.393999099731445,16.92099952697754,17.29599952697754,17003000,"KLAC | yfinance | raw OHLC, not adjusted"
2019-10-31,16.767000198364258,17.024999618530273,16.040000915527344,16.90399932861328,25956000,"KLAC | yfinance | raw OHLC, not adjusted"
2019-11-01,17.01300048828125,17.31399917602539,16.927000045776367,17.242000579833984,14623000,"KLAC | yfinance | raw OHLC, not adjusted"
2019-11-04,17.47800064086914,17.542999267578125,17.246000289916992,17.402000427246094,10215000,"KLAC | yfinance | raw OHLC, not adjusted"
2019-11-05,17.41699981689453,17.531999588012695,17.14299964904785,17.197999954223633,17155000,"KLAC | yfinance | raw OHLC, not adjusted"
2019-11-06,17.121999740600586,17.275999069213867,16.83300018310547,17.25200080871582,13980000,"KLAC | yfinance | raw OHLC, not adjusted"
2019-11-07,17.357999801635742,17.399999618530273,17.152000427246094,17.19499969482422,9605000,"KLAC | yfinance | raw OHLC, not adjusted"
2019-11-08,17.033000946044922,17.42799949645996,17.033000946044922,17.42099952697754,6489000,"KLAC | yfinance | raw OHLC, not adjusted"
2019-11-11,17.363000869750977,17.534000396728516,17.145999908447266,17.44300079345703,6310000,"KLAC | yfinance | raw OHLC, not adjusted"
2019-11-12,17.51300048828125,17.62299919128418,17.364999771118164,17.441999435424805,8889000,"KLAC | yfinance | raw OHLC, not adjusted"
2019-11-13,17.420000076293945,17.735000610351562,17.31399917602539,17.635000228881836,9285000,"KLAC | yfinance | raw OHLC, not adjusted"
2019-11-14,17.597000122070312,17.69700050354004,17.433000564575195,17.65999984741211,8240000,"KLAC | yfinance | raw OHLC, not adjusted"
2019-11-15,17.882999420166016,17.9950008392334,17.711000442504883,17.785999298095703,15701000,"KLAC | yfinance | raw OHLC, not adjusted"
2019-11-18,17.759000778198242,17.816999435424805,17.67300033569336,17.700000762939453,10646000,"KLAC | yfinance | raw OHLC, not adjusted"
2019-11-19,17.70400047302246,17.799999237060547,17.350000381469727,17.599000930786133,12845000,"KLAC | yfinance | raw OHLC, not adjusted"
2019-11-20,17.613000869750977,17.71500015258789,17.285999298095703,17.367000579833984,11264000,"KLAC | yfinance | raw OHLC, not adjusted"
2019-11-21,16.586000442504883,16.658000946044922,15.961999893188477,16.159000396728516,34981000,"KLAC | yfinance | raw OHLC, not adjusted"
2019-11-22,16.047000885009766,16.264999389648438,15.784000396728516,15.848999977111816,22747000,"KLAC | yfinance | raw OHLC, not adjusted"
2019-11-25,16.034000396728516,16.422000885009766,16.030000686645508,16.334999084472656,18940000,"KLAC | yfinance | raw OHLC, not adjusted"
2019-11-26,16.385000228881836,16.422000885009766,16.111000061035156,16.21299934387207,20349000,"KLAC | yfinance | raw OHLC, not adjusted"
2019-11-27,16.329999923706055,16.625999450683594,16.214000701904297,16.565000534057617,13778000,"KLAC | yfinance | raw OHLC, not adjusted"
2019-11-29,16.509000778198242,16.55699920654297,16.368999481201172,16.38599967956543,7054000,"KLAC | yfinance | raw OHLC, not adjusted"
2019-12-02,16.395000457763672,16.423999786376953,16.038999557495117,16.106000900268555,11506000,"KLAC | yfinance | raw OHLC, not adjusted"
2019-12-03,15.800000190734863,15.901000022888184,15.555999755859375,15.637999534606934,19753000,"KLAC | yfinance | raw OHLC, not adjusted"
2019-12-04,15.95199966430664,16.07900047302246,15.800000190734863,16.025999069213867,11448000,"KLAC | yfinance | raw OHLC, not adjusted"
2019-12-05,16.048999786376953,16.283000946044922,16.007999420166016,16.149999618530273,13206000,"KLAC | yfinance | raw OHLC, not adjusted"
2019-12-06,16.349000930786133,16.552000045776367,16.28499984741211,16.288999557495117,9893000,"KLAC | yfinance | raw OHLC, not adjusted"
2019-12-09,16.33300018310547,16.35700035095215,16.062999725341797,16.08799934387207,7668000,"KLAC | yfinance | raw OHLC, not adjusted"
2019-12-10,16.229000091552734,16.43199920654297,16.14299964904785,16.23699951171875,11899000,"KLAC | yfinance | raw OHLC, not adjusted"
2019-12-11,16.277999877929688,16.743000030517578,16.26799964904785,16.711999893188477,9341000,"KLAC | yfinance | raw OHLC, not adjusted"
2019-12-12,16.697999954223633,17.191999435424805,16.670000076293945,17.145999908447266,16270000,"KLAC | yfinance | raw OHLC, not adjusted"
2019-12-13,17.094999313354492,17.30900001525879,17.011999130249023,17.124000549316406,11528000,"KLAC | yfinance | raw OHLC, not adjusted"
2019-12-16,17.474000930786133,17.5,17.202999114990234,17.20599937438965,13060000,"KLAC | yfinance | raw OHLC, not adjusted"
2019-12-17,17.207000732421875,17.61199951171875,17.207000732421875,17.59600067138672,13334000,"KLAC | yfinance | raw OHLC, not adjusted"
2019-12-18,17.59000015258789,17.746999740600586,17.525999069213867,17.525999069213867,15163000,"KLAC | yfinance | raw OHLC, not adjusted"
2019-12-19,17.56999969482422,17.621999740600586,17.285999298095703,17.54599952697754,11878000,"KLAC | yfinance | raw OHLC, not adjusted"
2019-12-20,17.68199920654297,17.784000396728516,17.496999740600586,17.746999740600586,26951000,"KLAC | yfinance | raw OHLC, not adjusted"
2019-12-23,17.88599967956543,17.923999786376953,17.690000534057617,17.711000442504883,9691000,"KLAC | yfinance | raw OHLC, not adjusted"
2019-12-24,17.77899932861328,17.819000244140625,17.628000259399414,17.81100082397461,2577000,"KLAC | yfinance | raw OHLC, not adjusted"
2019-12-26,17.857999801635742,17.8799991607666,17.714000701904297,17.875,5279000,"KLAC | yfinance | raw OHLC, not adjusted"
2019-12-27,17.924999237060547,17.97100067138672,17.736000061035156,17.851999282836914,5539000,"KLAC | yfinance | raw OHLC, not adjusted"
2019-12-30,17.802000045776367,17.892000198364258,17.523000717163086,17.836999893188477,7564000,"KLAC | yfinance | raw OHLC, not adjusted"
2019-12-31,17.73900032043457,17.85099983215332,17.6299991607666,17.816999435424805,8694000,"KLAC | yfinance | raw OHLC, not adjusted"
2020-01-02,18.077999114990234,18.270000457763672,18.00200080871582,18.256999969482422,10569000,"KLAC | yfinance | raw OHLC, not adjusted"
2020-01-03,17.933000564575195,18.117000579833984,17.785999298095703,17.908000946044922,8334000,"KLAC | yfinance | raw OHLC, not adjusted"
2020-01-06,17.631999969482422,17.756000518798828,17.409000396728516,17.5049991607666,12668000,"KLAC | yfinance | raw OHLC, not adjusted"
2020-01-07,17.61400032043457,17.777000427246094,17.43000030517578,17.643999099731445,11393000,"KLAC | yfinance | raw OHLC, not adjusted"
2020-01-08,17.649999618530273,17.865999221801758,17.552000045776367,17.66699981689453,8835000,"KLAC | yfinance | raw OHLC, not adjusted"
2020-01-09,17.840999603271484,17.941999435424805,17.4950008392334,17.548999786376953,9169000,"KLAC | yfinance | raw OHLC, not adjusted"
2020-01-10,17.641000747680664,17.743000030517578,17.19499969482422,17.301000595092773,8838000,"KLAC | yfinance | raw OHLC, not adjusted"
2020-01-13,17.39699935913086,17.51099967956543,17.336000442504883,17.510000228881836,6620000,"KLAC | yfinance | raw OHLC, not adjusted"
2020-01-14,17.590999603271484,17.82200050354004,17.406999588012695,17.74799919128418,12796000,"KLAC | yfinance | raw OHLC, not adjusted"
2020-01-15,17.708999633789062,17.8700008392334,17.584999084472656,17.79199981689453,9228000,"KLAC | yfinance | raw OHLC, not adjusted"
2020-01-16,17.950000762939453,18.183000564575195,17.900999069213867,18.090999603271484,11972000,"KLAC | yfinance | raw OHLC, not adjusted"
2020-01-17,18.086999893188477,18.09000015258789,17.736000061035156,17.87299919128418,16047000,"KLAC | yfinance | raw OHLC, not adjusted"
2020-01-21,17.764999389648438,18.089000701904297,17.756999969482422,17.881000518798828,15714000,"KLAC | yfinance | raw OHLC, not adjusted"
2020-01-22,18.0,18.277999877929688,17.98699951171875,18.01300048828125,10846000,"KLAC | yfinance | raw OHLC, not adjusted"
2020-01-23,17.98200035095215,18.266000747680664,17.91200065612793,18.2549991607666,10569000,"KLAC | yfinance | raw OHLC, not adjusted"
2020-01-24,18.38800048828125,18.450000762939453,17.843000411987305,17.940000534057617,9610000,"KLAC | yfinance | raw OHLC, not adjusted"
2020-01-27,17.476999282836914,17.523000717163086,16.985000610351562,17.0310001373291,15813000,"KLAC | yfinance | raw OHLC, not adjusted"
2020-01-28,17.219999313354492,17.632999420166016,17.170000076293945,17.593000411987305,9381000,"KLAC | yfinance | raw OHLC, not adjusted"
2020-01-29,17.635000228881836,17.694000244140625,17.166000366210938,17.172000885009766,10289000,"KLAC | yfinance | raw OHLC, not adjusted"
2020-01-30,17.350000381469727,17.53700065612793,16.957000732421875,17.29199981689453,14480000,"KLAC | yfinance | raw OHLC, not adjusted"
2020-01-31,17.13800048828125,17.274999618530273,16.524999618530273,16.573999404907227,15057000,"KLAC | yfinance | raw OHLC, not adjusted"
2020-02-03,16.726999282836914,17.065000534057617,16.701000213623047,16.993000030517578,11815000,"KLAC | yfinance | raw OHLC, not adjusted"
2020-02-04,17.433000564575195,17.8799991607666,17.384000778198242,17.8799991607666,17359000,"KLAC | yfinance | raw OHLC, not adjusted"
2020-02-05,17.606000900268555,17.77899932861328,16.8799991607666,17.128000259399414,31131000,"KLAC | yfinance | raw OHLC, not adjusted"
2020-02-06,17.14299964904785,17.339000701904297,17.014999389648438,17.173999786376953,13703000,"KLAC | yfinance | raw OHLC, not adjusted"
2020-02-07,17.070999145507812,17.12700080871582,16.47599983215332,16.510000228881836,14928000,"KLAC | yfinance | raw OHLC, not adjusted"
2020-02-10,16.40999984741211,16.900999069213867,16.408000946044922,16.892000198364258,16803000,"KLAC | yfinance | raw OHLC, not adjusted"
2020-02-11,16.92099952697754,17.35300064086914,16.83300018310547,17.304000854492188,12690000,"KLAC | yfinance | raw OHLC, not adjusted"
2020-02-12,17.399999618530273,17.645999908447266,17.385000228881836,17.597000122070312,9577000,"KLAC | yfinance | raw OHLC, not adjusted"
2020-02-13,17.56800079345703,18.007999420166016,17.490999221801758,17.871999740600586,11580000,"KLAC | yfinance | raw OHLC, not adjusted"
2020-02-14,17.91200065612793,17.97599983215332,17.48900032043457,17.628000259399414,8648000,"KLAC | yfinance | raw OHLC, not adjusted"
2020-02-18,16.700000762939453,17.200000762939453,16.66699981689453,16.92300033569336,17783000,"KLAC | yfinance | raw OHLC, not adjusted"
2020-02-19,17.22100067138672,17.48200035095215,17.100000381469727,17.29800033569336,10693000,"KLAC | yfinance | raw OHLC, not adjusted"
2020-02-20,17.173999786376953,17.242000579833984,16.566999435424805,16.729999542236328,16644000,"KLAC | yfinance | raw OHLC, not adjusted"
2020-02-21,16.566999435424805,16.625,16.08099937438965,16.11199951171875,19099000,"KLAC | yfinance | raw OHLC, not adjusted"
2020-02-24,15.475000381469727,15.685999870300293,15.289999961853027,15.373000144958496,26496000,"KLAC | yfinance | raw OHLC, not adjusted"
2020-02-25,15.527999877929688,15.598999977111816,14.706999778747559,14.741000175476074,20469000,"KLAC | yfinance | raw OHLC, not adjusted"
2020-02-26,14.899999618530273,15.0649995803833,14.621999740600586,14.72700023651123,18793000,"KLAC | yfinance | raw OHLC, not adjusted"
2020-02-27,14.281000137329102,14.838000297546387,14.22700023651123,14.798999786376953,35897000,"KLAC | yfinance | raw OHLC, not adjusted"
2020-02-28,14.208999633789062,15.392999649047852,14.208999633789062,15.371000289916992,36951000,"KLAC | yfinance | raw OHLC, not adjusted"
2020-03-02,15.449999809265137,15.899999618530273,15.170999526977539,15.87399959564209,27064000,"KLAC | yfinance | raw OHLC, not adjusted"
2020-03-03,15.680999755859375,15.928999900817871,15.23799991607666,15.380999565124512,23974000,"KLAC | yfinance | raw OHLC, not adjusted"
2020-03-04,15.708999633789062,16.070999145507812,15.465999603271484,16.070999145507812,14933000,"KLAC | yfinance | raw OHLC, not adjusted"
2020-03-05,15.664999961853027,15.887999534606934,15.447999954223633,15.668999671936035,16970000,"KLAC | yfinance | raw OHLC, not adjusted"
2020-03-06,15.204999923706055,15.61400032043457,15.14900016784668,15.567999839782715,18584000,"KLAC | yfinance | raw OHLC, not adjusted"
2020-03-09,14.498000144958496,15.048999786376953,14.425999641418457,14.491999626159668,28156000,"KLAC | yfinance | raw OHLC, not adjusted"
2020-03-10,14.85099983215332,15.47599983215332,14.557999610900879,15.456999778747559,24385000,"KLAC | yfinance | raw OHLC, not adjusted"
2020-03-11,15.012999534606934,15.222000122070312,14.26200008392334,14.491999626159668,27305000,"KLAC | yfinance | raw OHLC, not adjusted"
2020-03-12,13.52400016784668,13.899999618530273,12.524999618530273,12.53600025177002,26727000,"KLAC | yfinance | raw OHLC, not adjusted"
2020-03-13,13.281999588012695,14.576000213623047,12.788999557495117,14.536999702453613,28043000,"KLAC | yfinance | raw OHLC, not adjusted"
2020-03-16,12.869000434875488,14.04800033569336,12.619000434875488,12.949999809265137,27523000,"KLAC | yfinance | raw OHLC, not adjusted"
2020-03-17,13.187000274658203,15.043999671936035,12.564000129699707,14.963000297546387,32136000,"KLAC | yfinance | raw OHLC, not adjusted"
2020-03-18,13.225000381469727,14.312999725341797,12.736000061035156,13.20199966430664,26646000,"KLAC | yfinance | raw OHLC, not adjusted"
2020-03-19,13.187999725341797,13.541999816894531,12.675999641418457,12.736000061035156,19548000,"KLAC | yfinance | raw OHLC, not adjusted"
2020-03-20,12.970999717712402,13.255000114440918,11.307999610900879,11.402000427246094,26326000,"KLAC | yfinance | raw OHLC, not adjusted"
2020-03-23,11.432000160217285,12.069000244140625,11.019000053405762,11.63599967956543,21249000,"KLAC | yfinance | raw OHLC, not adjusted"
2020-03-24,12.170000076293945,13.654999732971191,12.0,13.63599967956543,27761000,"KLAC | yfinance | raw OHLC, not adjusted"
2020-03-25,13.571999549865723,14.593999862670898,13.439000129699707,13.746999740600586,17030000,"KLAC | yfinance | raw OHLC, not adjusted"
2020-03-26,14.07699966430664,15.04699993133545,13.906000137329102,14.97599983215332,18704000,"KLAC | yfinance | raw OHLC, not adjusted"
2020-03-27,14.503999710083008,14.717000007629395,14.131999969482422,14.223999977111816,22406000,"KLAC | yfinance | raw OHLC, not adjusted"
2020-03-30,14.206999778747559,15.057000160217285,14.199999809265137,14.95199966430664,16237000,"KLAC | yfinance | raw OHLC, not adjusted"
2020-03-31,15.083999633789062,15.083999633789062,14.152999877929688,14.37399959564209,29072000,"KLAC | yfinance | raw OHLC, not adjusted"
2020-04-01,13.869999885559082,14.121999740600586,12.965999603271484,13.16100025177002,16608000,"KLAC | yfinance | raw OHLC, not adjusted"
2020-04-02,12.956999778747559,13.378999710083008,12.930999755859375,13.244000434875488,13460000,"KLAC | yfinance | raw OHLC, not adjusted"
2020-04-03,13.081999778747559,13.298999786376953,12.555999755859375,12.793999671936035,11437000,"KLAC | yfinance | raw OHLC, not adjusted"
2020-04-06,13.520999908447266,14.920999526977539,13.293000221252441,14.850000381469727,18460000,"KLAC | yfinance | raw OHLC, not adjusted"
2020-04-07,15.40999984741211,15.5,14.652000427246094,14.72700023651123,14541000,"KLAC | yfinance | raw OHLC, not adjusted"
2020-04-08,14.958999633789062,15.3149995803833,14.690999984741211,15.237000465393066,13500000,"KLAC | yfinance | raw OHLC, not adjusted"
2020-04-09,15.21500015258789,15.786999702453613,14.848999977111816,15.01200008392334,13038000,"KLAC | yfinance | raw OHLC, not adjusted"
2020-04-13,14.949999809265137,15.241999626159668,14.817999839782715,15.208999633789062,8683000,"KLAC | yfinance | raw OHLC, not adjusted"
2020-04-14,15.510000228881836,16.233999252319336,15.380999565124512,16.17300033569336,12747000,"KLAC | yfinance | raw OHLC, not adjusted"
2020-04-15,15.817999839782715,15.829999923706055,15.111000061035156,15.321999549865723,12786000,"KLAC | yfinance | raw OHLC, not adjusted"
2020-04-16,15.821000099182129,16.075000762939453,15.42300033569336,15.664999961853027,15630000,"KLAC | yfinance | raw OHLC, not adjusted"
2020-04-17,16.093000411987305,16.229000091552734,15.779000282287598,16.121000289916992,9981000,"KLAC | yfinance | raw OHLC, not adjusted"
2020-04-20,15.878999710083008,16.034000396728516,15.604999542236328,15.630000114440918,6348000,"KLAC | yfinance | raw OHLC, not adjusted"
2020-04-21,15.343999862670898,15.418000221252441,14.746000289916992,14.859000205993652,12847000,"KLAC | yfinance | raw OHLC, not adjusted"
2020-04-22,15.430999755859375,15.935999870300293,15.128999710083008,15.868000030517578,12075000,"KLAC | yfinance | raw OHLC, not adjusted"
2020-04-23,15.843999862670898,16.083999633789062,15.701000213623047,15.944999694824219,14045000,"KLAC | yfinance | raw OHLC, not adjusted"
2020-04-24,16.097999572753906,16.55699920654297,15.802000045776367,16.492000579833984,14925000,"KLAC | yfinance | raw OHLC, not adjusted"
2020-04-27,16.70400047302246,16.923999786376953,16.464000701904297,16.606000900268555,10305000,"KLAC | yfinance | raw OHLC, not adjusted"
2020-04-28,16.839000701904297,17.07699966430664,16.594999313354492,16.62700080871582,11989000,"KLAC | yfinance | raw OHLC, not adjusted"
2020-04-29,16.993000030517578,17.716999053955078,16.820999145507812,17.589000701904297,15189000,"KLAC | yfinance | raw OHLC, not adjusted"
2020-04-30,17.395000457763672,17.5310001373291,16.39699935913086,16.409000396728516,12414000,"KLAC | yfinance | raw OHLC, not adjusted"
2020-05-01,15.829999923706055,15.888999938964844,14.770999908447266,15.027000427246094,26925000,"KLAC | yfinance | raw OHLC, not adjusted"
2020-05-04,14.968000411987305,15.286999702453613,14.753999710083008,15.199999809265137,14732000,"KLAC | yfinance | raw OHLC, not adjusted"
2020-05-05,15.645999908447266,16.069000244140625,15.395999908447266,15.562999725341797,18689000,"KLAC | yfinance | raw OHLC, not adjusted"
2020-05-06,16.340999603271484,16.913000106811523,15.845999717712402,16.381000518798828,24227000,"KLAC | yfinance | raw OHLC, not adjusted"
2020-05-07,16.73699951171875,16.9689998626709,16.35700035095215,16.384000778198242,16822000,"KLAC | yfinance | raw OHLC, not adjusted"
2020-05-08,16.683000564575195,17.23900032043457,16.56800079345703,17.149999618530273,12654000,"KLAC | yfinance | raw OHLC, not adjusted"
2020-05-11,16.91900062561035,16.9950008392334,16.72800064086914,16.878000259399414,11458000,"KLAC | yfinance | raw OHLC, not adjusted"
2020-05-12,17.02199935913086,17.118999481201172,16.541000366210938,16.55699920654297,9653000,"KLAC | yfinance | raw OHLC, not adjusted"
2020-05-13,16.53700065612793,16.861000061035156,16.06599998474121,16.406999588012695,18051000,"KLAC | yfinance | raw OHLC, not adjusted"
2020-05-14,16.2549991607666,17.695999145507812,15.888999938964844,17.674999237060547,26835000,"KLAC | yfinance | raw OHLC, not adjusted"
2020-05-15,16.80299949645996,17.16200065612793,16.597999572753906,16.743000030517578,37099000,"KLAC | yfinance | raw OHLC, not adjusted"
2020-05-18,17.180999755859375,17.347000122070312,16.878000259399414,17.231000900268555,14921000,"KLAC | yfinance | raw OHLC, not adjusted"
2020-05-19,17.22100067138672,17.76300048828125,17.11400032043457,17.25200080871582,10748000,"KLAC | yfinance | raw OHLC, not adjusted"
2020-05-20,17.549999237060547,18.020999908447266,17.496999740600586,17.79199981689453,13026000,"KLAC | yfinance | raw OHLC, not adjusted"
2020-05-21,17.613000869750977,17.725000381469727,17.18600082397461,17.243000030517578,10018000,"KLAC | yfinance | raw OHLC, not adjusted"
2020-05-22,17.37700080871582,17.39699935913086,17.040000915527344,17.299999237060547,6664000,"KLAC | yfinance | raw OHLC, not adjusted"
2020-05-26,17.69099998474121,18.033000946044922,17.4689998626709,17.663999557495117,19111000,"KLAC | yfinance | raw OHLC, not adjusted"
2020-05-27,17.812000274658203,17.889999389648438,16.823999404907227,17.67300033569336,16596000,"KLAC | yfinance | raw OHLC, not adjusted"
2020-05-28,17.766000747680664,18.02199935913086,17.34000015258789,17.461000442504883,12720000,"KLAC | yfinance | raw OHLC, not adjusted"
2020-05-29,17.600000381469727,17.797000885009766,17.35700035095215,17.59600067138672,17921000,"KLAC | yfinance | raw OHLC, not adjusted"
2020-06-01,17.5,17.84000015258789,17.344999313354492,17.59600067138672,10854000,"KLAC | yfinance | raw OHLC, not adjusted"
2020-06-02,17.530000686645508,17.7549991607666,17.29400062561035,17.729000091552734,8926000,"KLAC | yfinance | raw OHLC, not adjusted"
2020-06-03,17.884000778198242,18.69499969482422,17.83799934387207,18.604999542236328,16598000,"KLAC | yfinance | raw OHLC, not adjusted"
2020-06-04,18.481000900268555,18.91200065612793,18.368999481201172,18.628999710083008,10687000,"KLAC | yfinance | raw OHLC, not adjusted"
2020-06-05,19.02199935913086,19.625,18.933000564575195,19.24799919128418,15002000,"KLAC | yfinance | raw OHLC, not adjusted"
2020-06-08,19.36199951171875,19.4060001373291,18.87700080871582,19.187000274658203,8164000,"KLAC | yfinance | raw OHLC, not adjusted"
2020-06-09,19.054000854492188,19.2549991607666,18.864999771118164,19.10300064086914,7760000,"KLAC | yfinance | raw OHLC, not adjusted"
2020-06-10,19.243000030517578,19.5,19.034000396728516,19.277000427246094,7796000,"KLAC | yfinance | raw OHLC, not adjusted"
2020-06-11,19.131999969482422,19.131999969482422,17.983999252319336,18.058000564575195,14603000,"KLAC | yfinance | raw OHLC, not adjusted"
2020-06-12,18.617000579833984,18.83300018310547,18.006999969482422,18.4689998626709,12531000,"KLAC | yfinance | raw OHLC, not adjusted"
2020-06-15,17.823999404907227,18.812999725341797,17.658000946044922,18.774999618530273,12708000,"KLAC | yfinance | raw OHLC, not adjusted"
2020-06-16,19.38599967956543,19.69700050354004,18.87299919128418,19.298999786376953,14825000,"KLAC | yfinance | raw OHLC, not adjusted"
2020-06-17,19.316999435424805,19.6299991607666,19.216999053955078,19.388999938964844,12462000,"KLAC | yfinance | raw OHLC, not adjusted"
2020-06-18,19.429000854492188,19.429000854492188,19.204999923706055,19.374000549316406,9380000,"KLAC | yfinance | raw OHLC, not adjusted"
2020-06-19,19.64299964904785,19.75,19.204999923706055,19.309999465942383,33310000,"KLAC | yfinance | raw OHLC, not adjusted"
2020-06-22,18.934999465942383,19.37700080871582,18.934999465942383,19.18600082397461,11792000,"KLAC | yfinance | raw OHLC, not adjusted"
2020-06-23,19.516000747680664,19.516000747680664,19.229000091552734,19.320999145507812,10892000,"KLAC | yfinance | raw OHLC, not adjusted"
2020-06-24,19.22100067138672,19.299999237060547,18.569000244140625,18.86199951171875,14866000,"KLAC | yfinance | raw OHLC, not adjusted"
2020-06-25,19.090999603271484,19.270999908447266,18.742000579833984,19.235000610351562,11337000,"KLAC | yfinance | raw OHLC, not adjusted"
2020-06-26,19.26300048828125,19.31999969482422,18.90399932861328,18.957000732421875,17135000,"KLAC | yfinance | raw OHLC, not adjusted"
2020-06-29,19.054000854492188,19.174999237060547,18.659000396728516,19.17300033569336,6773000,"KLAC | yfinance | raw OHLC, not adjusted"
2020-06-30,19.10300064086914,19.586000442504883,19.10300064086914,19.447999954223633,12535000,"KLAC | yfinance | raw OHLC, not adjusted"
2020-07-01,19.447999954223633,19.527000427246094,19.191999435424805,19.315000534057617,12620000,"KLAC | yfinance | raw OHLC, not adjusted"
2020-07-02,19.45599937438965,19.820999145507812,19.427000045776367,19.650999069213867,12470000,"KLAC | yfinance | raw OHLC, not adjusted"
2020-07-06,19.93899917602539,20.650999069213867,19.82200050354004,20.358999252319336,13674000,"KLAC | yfinance | raw OHLC, not adjusted"
2020-07-07,20.347999572753906,20.533000946044922,20.18000030517578,20.268999099731445,13113000,"KLAC | yfinance | raw OHLC, not adjusted"
2020-07-08,20.33300018310547,20.572999954223633,20.118000030517578,20.451000213623047,7487000,"KLAC | yfinance | raw OHLC, not adjusted"
2020-07-09,20.299999237060547,20.64900016784668,20.06399917602539,20.358999252319336,10837000,"KLAC | yfinance | raw OHLC, not adjusted"
2020-07-10,20.360000610351562,20.420000076293945,19.822999954223633,20.22599983215332,9949000,"KLAC | yfinance | raw OHLC, not adjusted"
2020-07-13,20.496000289916992,20.777999877929688,19.908000946044922,19.957000732421875,11525000,"KLAC | yfinance | raw OHLC, not adjusted"
2020-07-14,19.7810001373291,20.165000915527344,19.400999069213867,20.093000411987305,16120000,"KLAC | yfinance | raw OHLC, not adjusted"
2020-07-15,20.18600082397461,20.41699981689453,19.430999755859375,19.604000091552734,14542000,"KLAC | yfinance | raw OHLC, not adjusted"
2020-07-16,19.398000717163086,19.74799919128418,19.299999237060547,19.604000091552734,9896000,"KLAC | yfinance | raw OHLC, not adjusted"
2020-07-17,19.802000045776367,19.83799934387207,19.50200080871582,19.719999313354492,8242000,"KLAC | yfinance | raw OHLC, not adjusted"
2020-07-20,19.73200035095215,20.39699935913086,19.656999588012695,20.301000595092773,7566000,"KLAC | yfinance | raw OHLC, not adjusted"
2020-07-21,20.386999130249023,20.468000411987305,20.07900047302246,20.35099983215332,9210000,"KLAC | yfinance | raw OHLC, not adjusted"
2020-07-22,20.499000549316406,20.687000274658203,20.320999145507812,20.5939998626709,9470000,"KLAC | yfinance | raw OHLC, not adjusted"
2020-07-23,20.577999114990234,20.93000030517578,20.229000091552734,20.392000198364258,11561000,"KLAC | yfinance | raw OHLC, not adjusted"
2020-07-24,19.638999938964844,19.72599983215332,18.714000701904297,18.820999145507812,24774000,"KLAC | yfinance | raw OHLC, not adjusted"
2020-07-27,19.226999282836914,19.788000106811523,19.018999099731445,19.707000732421875,18579000,"KLAC | yfinance | raw OHLC, not adjusted"
2020-07-28,19.530000686645508,19.69300079345703,19.2189998626709,19.246999740600586,11520000,"KLAC | yfinance | raw OHLC, not adjusted"
2020-07-29,19.149999618530273,19.57200050354004,19.034000396728516,19.51300048828125,14798000,"KLAC | yfinance | raw OHLC, not adjusted"
2020-07-30,19.481000900268555,19.899999618530273,19.375,19.790000915527344,11667000,"KLAC | yfinance | raw OHLC, not adjusted"
2020-07-31,20.0,20.0,19.503999710083008,19.982999801635742,11490000,"KLAC | yfinance | raw OHLC, not adjusted"
2020-08-03,20.259000778198242,20.804000854492188,20.25,20.764999389648438,18046000,"KLAC | yfinance | raw OHLC, not adjusted"
2020-08-04,20.02400016784668,20.517000198364258,20.014999389648438,20.489999771118164,17278000,"KLAC | yfinance | raw OHLC, not adjusted"
2020-08-05,20.601999282836914,20.6200008392334,20.23699951171875,20.39900016784668,8349000,"KLAC | yfinance | raw OHLC, not adjusted"
2020-08-06,20.325000762939453,20.420000076293945,20.099000930786133,20.358999252319336,10367000,"KLAC | yfinance | raw OHLC, not adjusted"
2020-08-07,20.18600082397461,20.652999877929688,20.02899932861328,20.28499984741211,9910000,"KLAC | yfinance | raw OHLC, not adjusted"
2020-08-10,20.139999389648438,20.336000442504883,19.825000762939453,20.30900001525879,10189000,"KLAC | yfinance | raw OHLC, not adjusted"
2020-08-11,20.356000900268555,20.48200035095215,20.0049991607666,20.054000854492188,7451000,"KLAC | yfinance | raw OHLC, not adjusted"
2020-08-12,20.1560001373291,20.875999450683594,20.111000061035156,20.799999237060547,8236000,"KLAC | yfinance | raw OHLC, not adjusted"
2020-08-13,20.77899932861328,21.025999069213867,20.642000198364258,20.996000289916992,11527000,"KLAC | yfinance | raw OHLC, not adjusted"
2020-08-14,21.007999420166016,21.520000457763672,20.950000762939453,21.150999069213867,12094000,"KLAC | yfinance | raw OHLC, not adjusted"
2020-08-17,21.319000244140625,21.85700035095215,21.2810001373291,21.663000106811523,13204000,"KLAC | yfinance | raw OHLC, not adjusted"
2020-08-18,21.770999908447266,21.790000915527344,21.136999130249023,21.176000595092773,8427000,"KLAC | yfinance | raw OHLC, not adjusted"
2020-08-19,21.270999908447266,21.27199935913086,20.948999404907227,21.054000854492188,7343000,"KLAC | yfinance | raw OHLC, not adjusted"
2020-08-20,20.65999984741211,20.882999420166016,20.507999420166016,20.684999465942383,9152000,"KLAC | yfinance | raw OHLC, not adjusted"
2020-08-21,20.674999237060547,20.687000274658203,20.211000442504883,20.39699935913086,14259000,"KLAC | yfinance | raw OHLC, not adjusted"
2020-08-24,20.75,20.867000579833984,20.530000686645508,20.836000442504883,9222000,"KLAC | yfinance | raw OHLC, not adjusted"
2020-08-25,20.80299949645996,21.118000030517578,20.7189998626709,21.027999877929688,8696000,"KLAC | yfinance | raw OHLC, not adjusted"
2020-08-26,20.976999282836914,21.266000747680664,20.959999084472656,21.222999572753906,6152000,"KLAC | yfinance | raw OHLC, not adjusted"
2020-08-27,21.378000259399414,21.413999557495117,20.350000381469727,20.44499969482422,11589000,"KLAC | yfinance | raw OHLC, not adjusted"
2020-08-28,20.479000091552734,20.892000198364258,20.395000457763672,20.861000061035156,8289000,"KLAC | yfinance | raw OHLC, not adjusted"
2020-08-31,20.777999877929688,20.81100082397461,20.398000717163086,20.513999938964844,9301000,"KLAC | yfinance | raw OHLC, not adjusted"
2020-09-01,20.589000701904297,20.849000930786133,20.451000213623047,20.795000076293945,7381000,"KLAC | yfinance | raw OHLC, not adjusted"
2020-09-02,21.06800079345703,21.617000579833984,20.899999618530273,21.554000854492188,11715000,"KLAC | yfinance | raw OHLC, not adjusted"
2020-09-03,21.361000061035156,21.40399932861328,20.024999618530273,20.141000747680664,18074000,"KLAC | yfinance | raw OHLC, not adjusted"
2020-09-04,19.983999252319336,20.042999267578125,18.67799949645996,19.336999893188477,23806000,"KLAC | yfinance | raw OHLC, not adjusted"
2020-09-08,18.118999481201172,18.267000198364258,17.382999420166016,17.44700050354004,29190000,"KLAC | yfinance | raw OHLC, not adjusted"
2020-09-09,17.892000198364258,17.993999481201172,17.28499984741211,17.445999145507812,23144000,"KLAC | yfinance | raw OHLC, not adjusted"
2020-09-10,17.60300064086914,17.735000610351562,17.261999130249023,17.312999725341797,24130000,"KLAC | yfinance | raw OHLC, not adjusted"
2020-09-11,17.48699951171875,17.652000427246094,17.131000518798828,17.194000244140625,13188000,"KLAC | yfinance | raw OHLC, not adjusted"
2020-09-14,17.6560001373291,17.85099983215332,17.499000549316406,17.808000564575195,12543000,"KLAC | yfinance | raw OHLC, not adjusted"
2020-09-15,17.99799919128418,18.0939998626709,17.732999801635742,18.076000213623047,14413000,"KLAC | yfinance | raw OHLC, not adjusted"
2020-09-16,18.239999771118164,18.518999099731445,18.06100082397461,18.08099937438965,16245000,"KLAC | yfinance | raw OHLC, not adjusted"
2020-09-17,17.53700065612793,18.07200050354004,17.469999313354492,18.048999786376953,10901000,"KLAC | yfinance | raw OHLC, not adjusted"
2020-09-18,18.12299919128418,18.454999923706055,17.663999557495117,17.895999908447266,17928000,"KLAC | yfinance | raw OHLC, not adjusted"
2020-09-21,17.836000442504883,18.121999740600586,17.56100082397461,18.110000610351562,10993000,"KLAC | yfinance | raw OHLC, not adjusted"
2020-09-22,18.2810001373291,18.36199951171875,17.753999710083008,18.329999923706055,8374000,"KLAC | yfinance | raw OHLC, not adjusted"
2020-09-23,18.437999725341797,18.632999420166016,17.996000289916992,18.07900047302246,11365000,"KLAC | yfinance | raw OHLC, not adjusted"
2020-09-24,17.808000564575195,18.756000518798828,17.808000564575195,18.45400047302246,11341000,"KLAC | yfinance | raw OHLC, not adjusted"
2020-09-25,18.371000289916992,18.86199951171875,18.158000946044922,18.791000366210938,9069000,"KLAC | yfinance | raw OHLC, not adjusted"
2020-09-28,18.81399917602539,19.368000030517578,18.68000030517578,19.325000762939453,13485000,"KLAC | yfinance | raw OHLC, not adjusted"
2020-09-29,19.486000061035156,19.58099937438965,19.260000228881836,19.33300018310547,7626000,"KLAC | yfinance | raw OHLC, not adjusted"
2020-09-30,19.267000198364258,19.645999908447266,19.104999542236328,19.374000549316406,10193000,"KLAC | yfinance | raw OHLC, not adjusted"
2020-10-01,19.761999130249023,20.020999908447266,19.56599998474121,19.898000717163086,9152000,"KLAC | yfinance | raw OHLC, not adjusted"
2020-10-02,19.208999633789062,19.631999969482422,19.079999923706055,19.195999145507812,10921000,"KLAC | yfinance | raw OHLC, not adjusted"
2020-10-05,19.327999114990234,20.0,19.27199935913086,19.9950008392334,12421000,"KLAC | yfinance | raw OHLC, not adjusted"
2020-10-06,19.98900032043457,20.583999633789062,19.868000030517578,19.982999801635742,12787000,"KLAC | yfinance | raw OHLC, not adjusted"
2020-10-07,20.299999237060547,20.569000244140625,20.111000061035156,20.290000915527344,11648000,"KLAC | yfinance | raw OHLC, not adjusted"
2020-10-08,20.548999786376953,20.69499969482422,20.44700050354004,20.66900062561035,6860000,"KLAC | yfinance | raw OHLC, not adjusted"
2020-10-09,20.99799919128418,21.211000442504883,20.878999710083008,21.104000091552734,11999000,"KLAC | yfinance | raw OHLC, not adjusted"
2020-10-12,21.395999908447266,21.59000015258789,21.260000228881836,21.454999923706055,12890000,"KLAC | yfinance | raw OHLC, not adjusted"
2020-10-13,21.59000015258789,22.166000366210938,21.409000396728516,21.993999481201172,9443000,"KLAC | yfinance | raw OHLC, not adjusted"
2020-10-14,22.009000778198242,22.354000091552734,21.51099967956543,21.600000381469727,13990000,"KLAC | yfinance | raw OHLC, not adjusted"
2020-10-15,20.93899917602539,21.38599967956543,20.81100082397461,21.30900001525879,11685000,"KLAC | yfinance | raw OHLC, not adjusted"
2020-10-16,21.44300079345703,21.483999252319336,20.760000228881836,20.84000015258789,12259000,"KLAC | yfinance | raw OHLC, not adjusted"
2020-10-19,21.233999252319336,21.233999252319336,20.600000381469727,20.680999755859375,9946000,"KLAC | yfinance | raw OHLC, not adjusted"
2020-10-20,20.884000778198242,20.93000030517578,20.506000518798828,20.57200050354004,6072000,"KLAC | yfinance | raw OHLC, not adjusted"
2020-10-21,20.576000213623047,20.88599967956543,20.562999725341797,20.6299991607666,6070000,"KLAC | yfinance | raw OHLC, not adjusted"
2020-10-22,20.530000686645508,20.594999313354492,20.152000427246094,20.33099937438965,8849000,"KLAC | yfinance | raw OHLC, not adjusted"
2020-10-23,20.514999389648438,20.64900016784668,20.219999313354492,20.316999435424805,8429000,"KLAC | yfinance | raw OHLC, not adjusted"
2020-10-26,20.065000534057617,20.242000579833984,19.70400047302246,19.893999099731445,9426000,"KLAC | yfinance | raw OHLC, not adjusted"
2020-10-27,20.000999450683594,20.048999786376953,19.71299934387207,19.858999252319336,7392000,"KLAC | yfinance | raw OHLC, not adjusted"
2020-10-28,19.45199966430664,19.624000549316406,19.04800033569336,19.05500030517578,15548000,"KLAC | yfinance | raw OHLC, not adjusted"
2020-10-29,19.040000915527344,20.408000946044922,19.020999908447266,20.19499969482422,13515000,"KLAC | yfinance | raw OHLC, not adjusted"
2020-10-30,19.850000381469727,20.100000381469727,19.534000396728516,19.718000411987305,10473000,"KLAC | yfinance | raw OHLC, not adjusted"
2020-11-02,19.979999542236328,20.32200050354004,19.881999969482422,20.222999572753906,8179000,"KLAC | yfinance | raw OHLC, not adjusted"
2020-11-03,20.506000518798828,21.239999771118164,20.451000213623047,21.08799934387207,11881000,"KLAC | yfinance | raw OHLC, not adjusted"
2020-11-04,21.430999755859375,22.17799949645996,21.05900001525879,22.05299949645996,13568000,"KLAC | yfinance | raw OHLC, not adjusted"
2020-11-05,22.285999298095703,22.89299964904785,22.285999298095703,22.809999465942383,12764000,"KLAC | yfinance | raw OHLC, not adjusted"
2020-11-06,22.88800048828125,23.327999114990234,22.57200050354004,23.167999267578125,6960000,"KLAC | yfinance | raw OHLC, not adjusted"
2020-11-09,23.770999908447266,24.260000228881836,23.19300079345703,23.23200035095215,11350000,"KLAC | yfinance | raw OHLC, not adjusted"
2020-11-10,23.0,23.226999282836914,22.312999725341797,22.37299919128418,10716000,"KLAC | yfinance | raw OHLC, not adjusted"
2020-11-11,22.72100067138672,23.413000106811523,22.56999969482422,23.35099983215332,9948000,"KLAC | yfinance | raw OHLC, not adjusted"
2020-11-12,23.51300048828125,23.613000869750977,23.131000518798828,23.326000213623047,8953000,"KLAC | yfinance | raw OHLC, not adjusted"
2020-11-13,23.71500015258789,24.091999053955078,23.551000595092773,23.610000610351562,8927000,"KLAC | yfinance | raw OHLC, not adjusted"
2020-11-16,23.763999938964844,24.256999969482422,23.636999130249023,24.17799949645996,8828000,"KLAC | yfinance | raw OHLC, not adjusted"
2020-11-17,24.2450008392334,24.381999969482422,23.969999313354492,24.18400001525879,14012000,"KLAC | yfinance | raw OHLC, not adjusted"
2020-11-18,24.361000061035156,24.474000930786133,23.9950008392334,24.034000396728516,8322000,"KLAC | yfinance | raw OHLC, not adjusted"
2020-11-19,23.61199951171875,24.437000274658203,23.60099983215332,24.375,7164000,"KLAC | yfinance | raw OHLC, not adjusted"
2020-11-20,24.430999755859375,24.73900032043457,24.24799919128418,24.256999969482422,5830000,"KLAC | yfinance | raw OHLC, not adjusted"
2020-11-23,24.327999114990234,25.04400062561035,24.266000747680664,25.02400016784668,7204000,"KLAC | yfinance | raw OHLC, not adjusted"
2020-11-24,25.075000762939453,25.170000076293945,24.780000686645508,25.017000198364258,7502000,"KLAC | yfinance | raw OHLC, not adjusted"
2020-11-25,25.0,25.110000610351562,24.711999893188477,24.895000457763672,5472000,"KLAC | yfinance | raw OHLC, not adjusted"
2020-11-27,25.111000061035156,25.621999740600586,25.111000061035156,25.413000106811523,3355000,"KLAC | yfinance | raw OHLC, not adjusted"
2020-11-30,25.698999404907227,25.698999404907227,24.841999053955078,25.19700050354004,10176000,"KLAC | yfinance | raw OHLC, not adjusted"
2020-12-01,25.445999145507812,25.871999740600586,25.259000778198242,25.666000366210938,9035000,"KLAC | yfinance | raw OHLC, not adjusted"
2020-12-02,25.47800064086914,25.851999282836914,25.427000045776367,25.631999969482422,8490000,"KLAC | yfinance | raw OHLC, not adjusted"
2020-12-03,25.864999771118164,26.184999465942383,25.704999923706055,25.73900032043457,5186000,"KLAC | yfinance | raw OHLC, not adjusted"
2020-12-04,25.815000534057617,26.41699981689453,25.808000564575195,26.3700008392334,7490000,"KLAC | yfinance | raw OHLC, not adjusted"
2020-12-07,26.523000717163086,26.792999267578125,26.280000686645508,26.670000076293945,6934000,"KLAC | yfinance | raw OHLC, not adjusted"
2020-12-08,26.70800018310547,26.874000549316406,26.4689998626709,26.694000244140625,7127000,"KLAC | yfinance | raw OHLC, not adjusted"
2020-12-09,26.660999298095703,26.888999938964844,25.384000778198242,25.64900016784668,11971000,"KLAC | yfinance | raw OHLC, not adjusted"
2020-12-10,25.514999389648438,25.91200065612793,25.358999252319336,25.597999572753906,10097000,"KLAC | yfinance | raw OHLC, not adjusted"
2020-12-11,25.360000610351562,25.788000106811523,25.22599983215332,25.76300048828125,11243000,"KLAC | yfinance | raw OHLC, not adjusted"
2020-12-14,25.746999740600586,26.386999130249023,25.746999740600586,26.01300048828125,10395000,"KLAC | yfinance | raw OHLC, not adjusted"
2020-12-15,26.39900016784668,26.479000091552734,25.958999633789062,26.10099983215332,7741000,"KLAC | yfinance | raw OHLC, not adjusted"
2020-12-16,26.136999130249023,26.150999069213867,25.775999069213867,26.05500030517578,6991000,"KLAC | yfinance | raw OHLC, not adjusted"
2020-12-17,26.288000106811523,26.334999084472656,25.770999908447266,25.968000411987305,13551000,"KLAC | yfinance | raw OHLC, not adjusted"
2020-12-18,25.875,26.288000106811523,25.72800064086914,26.21500015258789,22202000,"KLAC | yfinance | raw OHLC, not adjusted"
2020-12-21,25.871999740600586,26.204999923706055,25.799999237060547,26.07699966430664,10232000,"KLAC | yfinance | raw OHLC, not adjusted"
2020-12-22,25.993999481201172,26.100000381469727,25.625999450683594,25.759000778198242,7534000,"KLAC | yfinance | raw OHLC, not adjusted"
2020-12-23,25.844999313354492,25.85700035095215,25.25200080871582,25.27899932861328,6764000,"KLAC | yfinance | raw OHLC, not adjusted"
2020-12-24,25.486000061035156,25.908000946044922,25.39699935913086,25.908000946044922,3672000,"KLAC | yfinance | raw OHLC, not adjusted"
2020-12-28,26.07900047302246,26.149999618530273,25.72100067138672,25.757999420166016,4974000,"KLAC | yfinance | raw OHLC, not adjusted"
2020-12-29,25.804000854492188,25.875999450683594,25.20199966430664,25.43600082397461,5792000,"KLAC | yfinance | raw OHLC, not adjusted"
2020-12-30,25.663999557495117,26.23699951171875,25.520999908447266,26.014999389648438,6415000,"KLAC | yfinance | raw OHLC, not adjusted"
2020-12-31,25.80699920654297,25.999000549316406,25.555999755859375,25.891000747680664,7280000,"KLAC | yfinance | raw OHLC, not adjusted"
2021-01-04,26.20599937438965,27.027999877929688,25.770000457763672,26.033000946044922,12520000,"KLAC | yfinance | raw OHLC, not adjusted"
2021-01-05,26.018999099731445,26.631999969482422,25.895999908447266,26.57900047302246,10749000,"KLAC | yfinance | raw OHLC, not adjusted"
2021-01-06,26.2450008392334,27.0939998626709,26.180999755859375,26.520999908447266,8506000,"KLAC | yfinance | raw OHLC, not adjusted"
2021-01-07,26.868999481201172,27.934999465942383,26.836000442504883,27.819000244140625,10117000,"KLAC | yfinance | raw OHLC, not adjusted"
2021-01-08,28.222000122070312,28.733999252319336,27.95599937438965,28.31800079345703,10518000,"KLAC | yfinance | raw OHLC, not adjusted"
2021-01-11,28.135000228881836,29.084999084472656,27.801000595092773,28.910999298095703,12039000,"KLAC | yfinance | raw OHLC, not adjusted"
2021-01-12,28.899999618530273,29.6299991607666,28.700000762939453,29.099000930786133,13235000,"KLAC | yfinance | raw OHLC, not adjusted"
2021-01-13,28.875,29.351999282836914,28.516000747680664,29.010000228881836,11545000,"KLAC | yfinance | raw OHLC, not adjusted"
2021-01-14,30.281999588012695,31.586999893188477,30.19099998474121,30.38800048828125,24312000,"KLAC | yfinance | raw OHLC, not adjusted"
2021-01-15,30.349000930786133,30.481000900268555,29.600000381469727,30.413000106811523,16066000,"KLAC | yfinance | raw OHLC, not adjusted"
2021-01-19,30.784000396728516,31.68000030517578,30.784000396728516,31.408000946044922,12750000,"KLAC | yfinance | raw OHLC, not adjusted"
2021-01-20,31.691999435424805,31.760000228881836,30.225000381469727,30.433000564575195,10196000,"KLAC | yfinance | raw OHLC, not adjusted"
2021-01-21,30.79599952697754,30.889999389648438,30.042999267578125,30.520000457763672,10631000,"KLAC | yfinance | raw OHLC, not adjusted"
2021-01-22,30.530000686645508,30.93600082397461,30.44700050354004,30.500999450683594,7250000,"KLAC | yfinance | raw OHLC, not adjusted"
2021-01-25,30.940000534057617,31.232999801635742,30.329999923706055,30.889999389648438,9557000,"KLAC | yfinance | raw OHLC, not adjusted"
2021-01-26,31.0,31.073999404907227,30.281999588012695,30.354999542236328,8321000,"KLAC | yfinance | raw OHLC, not adjusted"
2021-01-27,29.729999542236328,29.881000518798828,28.30500030517578,28.444000244140625,16578000,"KLAC | yfinance | raw OHLC, not adjusted"
2021-01-28,29.072999954223633,29.673999786376953,28.844999313354492,29.110000610351562,10212000,"KLAC | yfinance | raw OHLC, not adjusted"
2021-01-29,28.70599937438965,28.920000076293945,27.972000122070312,28.006999969482422,11638000,"KLAC | yfinance | raw OHLC, not adjusted"
2021-02-01,28.601999282836914,29.402000427246094,28.249000549316406,29.261999130249023,10525000,"KLAC | yfinance | raw OHLC, not adjusted"
2021-02-02,29.600000381469727,29.961999893188477,29.36199951171875,29.878000259399414,11069000,"KLAC | yfinance | raw OHLC, not adjusted"
2021-02-03,30.15999984741211,30.15999984741211,28.554000854492188,28.6299991607666,12799000,"KLAC | yfinance | raw OHLC, not adjusted"
2021-02-04,28.8439998626709,29.81800079345703,28.631999969482422,29.42300033569336,14018000,"KLAC | yfinance | raw OHLC, not adjusted"
2021-02-05,29.60300064086914,29.815000534057617,28.659000396728516,28.80299949645996,8904000,"KLAC | yfinance | raw OHLC, not adjusted"
2021-02-08,28.993999481201172,30.259000778198242,28.865999221801758,30.22599983215332,10182000,"KLAC | yfinance | raw OHLC, not adjusted"
2021-02-09,30.02899932861328,30.545000076293945,29.652000427246094,29.83099937438965,7355000,"KLAC | yfinance | raw OHLC, not adjusted"
2021-02-10,30.21299934387207,30.413999557495117,29.600000381469727,29.76099967956543,5469000,"KLAC | yfinance | raw OHLC, not adjusted"
2021-02-11,29.94099998474121,32.64899826049805,29.94099998474121,32.448001861572266,22857000,"KLAC | yfinance | raw OHLC, not adjusted"
2021-02-12,32.15299987792969,33.47700119018555,31.892000198364258,33.180999755859375,15030000,"KLAC | yfinance | raw OHLC, not adjusted"
2021-02-16,33.25,34.22100067138672,33.25,33.71799850463867,13959000,"KLAC | yfinance | raw OHLC, not adjusted"
2021-02-17,33.32600021362305,33.470001220703125,32.33700180053711,33.029998779296875,10628000,"KLAC | yfinance | raw OHLC, not adjusted"
2021-02-18,32.61000061035156,32.79999923706055,32.11399841308594,32.51599884033203,10055000,"KLAC | yfinance | raw OHLC, not adjusted"
2021-02-19,33.0620002746582,33.79999923706055,32.79899978637695,33.06700134277344,15124000,"KLAC | yfinance | raw OHLC, not adjusted"
2021-02-22,32.5,32.698001861572266,31.385000228881836,31.615999221801758,11231000,"KLAC | yfinance | raw OHLC, not adjusted"
2021-02-23,30.77400016784668,32.14699935913086,30.367000579833984,31.878000259399414,17457000,"KLAC | yfinance | raw OHLC, not adjusted"
2021-02-24,31.384000778198242,32.87300109863281,31.007999420166016,32.84299850463867,11701000,"KLAC | yfinance | raw OHLC, not adjusted"
2021-02-25,32.26900100708008,32.6349983215332,30.24799919128418,30.479000091552734,15280000,"KLAC | yfinance | raw OHLC, not adjusted"
2021-02-26,31.131999969482422,31.472999572753906,30.316999435424805,31.12299919128418,13160000,"KLAC | yfinance | raw OHLC, not adjusted"
2021-03-01,31.601999282836914,32.63999938964844,31.500999450683594,32.5989990234375,12940000,"KLAC | yfinance | raw OHLC, not adjusted"
2021-03-02,32.5880012512207,32.667999267578125,30.96500015258789,30.98200035095215,11759000,"KLAC | yfinance | raw OHLC, not adjusted"
2021-03-03,31.048999786376953,31.506000518798828,30.35300064086914,30.381000518798828,11552000,"KLAC | yfinance | raw OHLC, not adjusted"
2021-03-04,30.218000411987305,30.625999450683594,28.232999801635742,28.761999130249023,16553000,"KLAC | yfinance | raw OHLC, not adjusted"
2021-03-05,29.268999099731445,29.725000381469727,27.81800079345703,29.586999893188477,16311000,"KLAC | yfinance | raw OHLC, not adjusted"
2021-03-08,29.10099983215332,29.382999420166016,27.323999404907227,27.40399932861328,21825000,"KLAC | yfinance | raw OHLC, not adjusted"
2021-03-09,28.363000869750977,29.628999710083008,28.229000091552734,29.40999984741211,19441000,"KLAC | yfinance | raw OHLC, not adjusted"
2021-03-10,29.97599983215332,30.038000106811523,28.273000717163086,28.344999313354492,16880000,"KLAC | yfinance | raw OHLC, not adjusted"
2021-03-11,29.405000686645508,30.19700050354004,29.0,29.63599967956543,17095000,"KLAC | yfinance | raw OHLC, not adjusted"
2021-03-12,28.886999130249023,29.47800064086914,28.597000122070312,29.427000045776367,12984000,"KLAC | yfinance | raw OHLC, not adjusted"
2021-03-15,29.347000122070312,29.93199920654297,29.142000198364258,29.895999908447266,13219000,"KLAC | yfinance | raw OHLC, not adjusted"
2021-03-16,29.972000122070312,30.59600067138672,29.88800048828125,30.19499969482422,15442000,"KLAC | yfinance | raw OHLC, not adjusted"
2021-03-17,29.618000030517578,30.990999221801758,29.11199951171875,30.538999557495117,19063000,"KLAC | yfinance | raw OHLC, not adjusted"
2021-03-18,29.829999923706055,29.975000381469727,28.777999877929688,28.874000549316406,20412000,"KLAC | yfinance | raw OHLC, not adjusted"
2021-03-19,28.797000885009766,29.724000930786133,28.448999404907227,29.288000106811523,32207000,"KLAC | yfinance | raw OHLC, not adjusted"
2021-03-22,30.0,30.812999725341797,29.83099937438965,30.535999298095703,18200000,"KLAC | yfinance | raw OHLC, not adjusted"
2021-03-23,30.650999069213867,30.74799919128418,29.611000061035156,29.70599937438965,17663000,"KLAC | yfinance | raw OHLC, not adjusted"
2021-03-24,31.049999237060547,31.700000762939453,29.7549991607666,29.788999557495117,16692000,"KLAC | yfinance | raw OHLC, not adjusted"
2021-03-25,29.30299949645996,30.100000381469727,28.694000244140625,29.94099998474121,11880000,"KLAC | yfinance | raw OHLC, not adjusted"
2021-03-26,29.871000289916992,32.025001525878906,29.871000289916992,31.993999481201172,16505000,"KLAC | yfinance | raw OHLC, not adjusted"
2021-03-29,31.773000717163086,31.78499984741211,30.687999725341797,31.430999755859375,14284000,"KLAC | yfinance | raw OHLC, not adjusted"
2021-03-30,31.2810001373291,31.85099983215332,31.16900062561035,31.707000732421875,9241000,"KLAC | yfinance | raw OHLC, not adjusted"
2021-03-31,32.17499923706055,33.33000183105469,32.117000579833984,33.040000915527344,18118000,"KLAC | yfinance | raw OHLC, not adjusted"
2021-04-01,33.70000076293945,34.77899932861328,33.70000076293945,34.729000091552734,18857000,"KLAC | yfinance | raw OHLC, not adjusted"
2021-04-05,34.904998779296875,35.96900177001953,34.606998443603516,35.507999420166016,14961000,"KLAC | yfinance | raw OHLC, not adjusted"
2021-04-06,35.3120002746582,35.380001068115234,34.055999755859375,34.65999984741211,16904000,"KLAC | yfinance | raw OHLC, not adjusted"
2021-04-07,34.770999908447266,35.27000045776367,34.36800003051758,34.80400085449219,9855000,"KLAC | yfinance | raw OHLC, not adjusted"
2021-04-08,35.400001525878906,35.426998138427734,34.84199905395508,35.40399932861328,11250000,"KLAC | yfinance | raw OHLC, not adjusted"
2021-04-09,35.19200134277344,35.507999420166016,34.823001861572266,35.28499984741211,9138000,"KLAC | yfinance | raw OHLC, not adjusted"
2021-04-12,34.957000732421875,35.06999969482422,34.33300018310547,34.5099983215332,13761000,"KLAC | yfinance | raw OHLC, not adjusted"
2021-04-13,34.95199966430664,34.95199966430664,33.9119987487793,34.41299819946289,12264000,"KLAC | yfinance | raw OHLC, not adjusted"
2021-04-14,34.0,34.66699981689453,33.518001556396484,33.650001525878906,11861000,"KLAC | yfinance | raw OHLC, not adjusted"
2021-04-15,34.17900085449219,34.215999603271484,33.57099914550781,33.854000091552734,11981000,"KLAC | yfinance | raw OHLC, not adjusted"
2021-04-16,33.90700149536133,33.986000061035156,33.29800033569336,33.29999923706055,9581000,"KLAC | yfinance | raw OHLC, not adjusted"
2021-04-19,33.09600067138672,33.36199951171875,31.827999114990234,32.43899917602539,15517000,"KLAC | yfinance | raw OHLC, not adjusted"
2021-04-20,32.31100082397461,32.58399963378906,31.777999877929688,31.892000198364258,14772000,"KLAC | yfinance | raw OHLC, not adjusted"
2021-04-21,32.244998931884766,33.22200012207031,31.957000732421875,33.17900085449219,16977000,"KLAC | yfinance | raw OHLC, not adjusted"
2021-04-22,32.94499969482422,33.1870002746582,32.2760009765625,32.507999420166016,10454000,"KLAC | yfinance | raw OHLC, not adjusted"
2021-04-23,32.79899978637695,33.40999984741211,32.66899871826172,33.207000732421875,11820000,"KLAC | yfinance | raw OHLC, not adjusted"
2021-04-26,33.4010009765625,33.75699996948242,33.0989990234375,33.58100128173828,10394000,"KLAC | yfinance | raw OHLC, not adjusted"
2021-04-27,34.0,34.0,32.92599868774414,33.04899978637695,9398000,"KLAC | yfinance | raw OHLC, not adjusted"
2021-04-28,32.95000076293945,33.07400131225586,32.42300033569336,32.48400115966797,9832000,"KLAC | yfinance | raw OHLC, not adjusted"
2021-04-29,32.59199905395508,32.87300109863281,31.865999221801758,32.63600158691406,12949000,"KLAC | yfinance | raw OHLC, not adjusted"
2021-04-30,31.503000259399414,32.165000915527344,31.29199981689453,31.53499984741211,14341000,"KLAC | yfinance | raw OHLC, not adjusted"
2021-05-03,31.761999130249023,31.8799991607666,30.849000930786133,31.12299919128418,14122000,"KLAC | yfinance | raw OHLC, not adjusted"
2021-05-04,30.582000732421875,30.80900001525879,29.941999435424805,30.79400062561035,15922000,"KLAC | yfinance | raw OHLC, not adjusted"
2021-05-05,31.316999435424805,31.673999786376953,30.639999389648438,31.191999435424805,11571000,"KLAC | yfinance | raw OHLC, not adjusted"
2021-05-06,30.951000213623047,31.628000259399414,30.768999099731445,31.589000701904297,9352000,"KLAC | yfinance | raw OHLC, not adjusted"
2021-05-07,31.999000549316406,32.29999923706055,31.666000366210938,31.969999313354492,8483000,"KLAC | yfinance | raw OHLC, not adjusted"
2021-05-10,30.9950008392334,31.38800048828125,29.945999145507812,29.989999771118164,15769000,"KLAC | yfinance | raw OHLC, not adjusted"
2021-05-11,29.10099983215332,30.1560001373291,28.972000122070312,30.027999877929688,9877000,"KLAC | yfinance | raw OHLC, not adjusted"
2021-05-12,29.253999710083008,29.576000213623047,28.589000701904297,28.673999786376953,14003000,"KLAC | yfinance | raw OHLC, not adjusted"
2021-05-13,29.45400047302246,30.066999435424805,29.37299919128418,29.676000595092773,15333000,"KLAC | yfinance | raw OHLC, not adjusted"
2021-05-14,29.847999572753906,30.909000396728516,29.601999282836914,30.575000762939453,15081000,"KLAC | yfinance | raw OHLC, not adjusted"
2021-05-17,29.844999313354492,30.084999084472656,29.218000411987305,29.77199935913086,13528000,"KLAC | yfinance | raw OHLC, not adjusted"
2021-05-18,30.23699951171875,30.298999786376953,29.347999572753906,29.392000198364258,10876000,"KLAC | yfinance | raw OHLC, not adjusted"
2021-05-19,28.80500030517578,30.423999786376953,28.658000946044922,30.393999099731445,13010000,"KLAC | yfinance | raw OHLC, not adjusted"
2021-05-20,30.542999267578125,31.5,30.542999267578125,31.336000442504883,14499000,"KLAC | yfinance | raw OHLC, not adjusted"
2021-05-21,31.496999740600586,31.496999740600586,30.871000289916992,31.013999938964844,10497000,"KLAC | yfinance | raw OHLC, not adjusted"
2021-05-24,31.43400001525879,32.012001037597656,31.381000518798828,31.7549991607666,12091000,"KLAC | yfinance | raw OHLC, not adjusted"
2021-05-25,32.01300048828125,32.39099884033203,31.65399932861328,31.79199981689453,12583000,"KLAC | yfinance | raw OHLC, not adjusted"
2021-05-26,31.920000076293945,32.20000076293945,31.570999145507812,31.73900032043457,10781000,"KLAC | yfinance | raw OHLC, not adjusted"
2021-05-27,31.684999465942383,32.15800094604492,31.59000015258789,31.65399932861328,11951000,"KLAC | yfinance | raw OHLC, not adjusted"
2021-05-28,31.819000244140625,32.03099822998047,31.645999908447266,31.68899917602539,8855000,"KLAC | yfinance | raw OHLC, not adjusted"
2021-06-01,31.98900032043457,32.474998474121094,31.43899917602539,31.572999954223633,10247000,"KLAC | yfinance | raw OHLC, not adjusted"
2021-06-02,31.610000610351562,31.847999572753906,31.280000686645508,31.55900001525879,8817000,"KLAC | yfinance | raw OHLC, not adjusted"
2021-06-03,31.17799949645996,31.246000289916992,30.732999801635742,30.878000259399414,12430000,"KLAC | yfinance | raw OHLC, not adjusted"
2021-06-04,31.13800048828125,31.80699920654297,31.114999771118164,31.698999404907227,8984000,"KLAC | yfinance | raw OHLC, not adjusted"
2021-06-07,31.538000106811523,31.933000564575195,31.26300048828125,31.854999542236328,10985000,"KLAC | yfinance | raw OHLC, not adjusted"
2021-06-08,32.2599983215332,32.3650016784668,31.184999465942383,31.3799991607666,6150000,"KLAC | yfinance | raw OHLC, not adjusted"
2021-06-09,32.112998962402344,32.28200149536133,31.38599967956543,31.416000366210938,7480000,"KLAC | yfinance | raw OHLC, not adjusted"
2021-06-10,31.61199951171875,32.060001373291016,31.452999114990234,31.930999755859375,6909000,"KLAC | yfinance | raw OHLC, not adjusted"
2021-06-11,32.064998626708984,32.1349983215332,31.739999771118164,32.01100158691406,7703000,"KLAC | yfinance | raw OHLC, not adjusted"
2021-06-14,32.09299850463867,32.590999603271484,31.89299964904785,32.520999908447266,6343000,"KLAC | yfinance | raw OHLC, not adjusted"
2021-06-15,32.44499969482422,32.659000396728516,31.929000854492188,32.058998107910156,7184000,"KLAC | yfinance | raw OHLC, not adjusted"
2021-06-16,32.2869987487793,32.32899856567383,31.322999954223633,31.59000015258789,8563000,"KLAC | yfinance | raw OHLC, not adjusted"
2021-06-17,31.506999969482422,32.132999420166016,31.31399917602539,31.841999053955078,9197000,"KLAC | yfinance | raw OHLC, not adjusted"
2021-06-18,31.38800048828125,31.472000122070312,30.31599998474121,30.447999954223633,19259000,"KLAC | yfinance | raw OHLC, not adjusted"
2021-06-21,30.601999282836914,30.961000442504883,30.24799919128418,30.881000518798828,8824000,"KLAC | yfinance | raw OHLC, not adjusted"
2021-06-22,30.763999938964844,30.95800018310547,30.42099952697754,30.86199951171875,6723000,"KLAC | yfinance | raw OHLC, not adjusted"
2021-06-23,30.88599967956543,31.295000076293945,30.86199951171875,31.086000442504883,6566000,"KLAC | yfinance | raw OHLC, not adjusted"
2021-06-24,31.349000930786133,31.614999771118164,31.22800064086914,31.589000701904297,7307000,"KLAC | yfinance | raw OHLC, not adjusted"
2021-06-25,31.562000274658203,31.83300018310547,31.395999908447266,31.625999450683594,39212000,"KLAC | yfinance | raw OHLC, not adjusted"
2021-06-28,31.924999237060547,32.54899978637695,31.84000015258789,32.22600173950195,8616000,"KLAC | yfinance | raw OHLC, not adjusted"
2021-06-29,32.20000076293945,32.60300064086914,32.15399932861328,32.52000045776367,5448000,"KLAC | yfinance | raw OHLC, not adjusted"
2021-06-30,32.5,32.500999450683594,32.08700180053711,32.42100143432617,6976000,"KLAC | yfinance | raw OHLC, not adjusted"
2021-07-01,32.415000915527344,32.43000030517578,31.152999877929688,31.173999786376953,14171000,"KLAC | yfinance | raw OHLC, not adjusted"
2021-07-02,31.37299919128418,31.399999618530273,30.801000595092773,31.18199920654297,10532000,"KLAC | yfinance | raw OHLC, not adjusted"
2021-07-06,31.270999908447266,31.628000259399414,30.525999069213867,31.125,10714000,"KLAC | yfinance | raw OHLC, not adjusted"
2021-07-07,31.41200065612793,31.493999481201172,30.58799934387207,30.70599937438965,9889000,"KLAC | yfinance | raw OHLC, not adjusted"
2021-07-08,30.10300064086914,30.51300048828125,29.87299919128418,30.30900001525879,8960000,"KLAC | yfinance | raw OHLC, not adjusted"
2021-07-09,30.371000289916992,30.95800018310547,30.15999984741211,30.875999450683594,7267000,"KLAC | yfinance | raw OHLC, not adjusted"
2021-07-12,31.00200080871582,31.429000854492188,30.889999389648438,31.402000427246094,8833000,"KLAC | yfinance | raw OHLC, not adjusted"
2021-07-13,31.211999893188477,31.5,31.0,31.160999298095703,5684000,"KLAC | yfinance | raw OHLC, not adjusted"
2021-07-14,31.375,31.829999923706055,30.84600067138672,30.91200065612793,7631000,"KLAC | yfinance | raw OHLC, not adjusted"
2021-07-15,30.820999145507812,31.0,30.172000885009766,30.375,9103000,"KLAC | yfinance | raw OHLC, not adjusted"
2021-07-16,30.527999877929688,30.788999557495117,29.229999542236328,29.32200050354004,17944000,"KLAC | yfinance | raw OHLC, not adjusted"
2021-07-19,28.993000030517578,29.43600082397461,28.743999481201172,29.433000564575195,13322000,"KLAC | yfinance | raw OHLC, not adjusted"
2021-07-20,29.530000686645508,30.482999801635742,29.26799964904785,30.277000427246094,12025000,"KLAC | yfinance | raw OHLC, not adjusted"
2021-07-21,30.43400001525879,31.829999923706055,30.38599967956543,31.687999725341797,16076000,"KLAC | yfinance | raw OHLC, not adjusted"
2021-07-22,31.5,31.81399917602539,31.198999404907227,31.43600082397461,7902000,"KLAC | yfinance | raw OHLC, not adjusted"
2021-07-23,31.69300079345703,32.20000076293945,31.545000076293945,32.07600021362305,7052000,"KLAC | yfinance | raw OHLC, not adjusted"
2021-07-26,32.016998291015625,32.233001708984375,31.56100082397461,31.863000869750977,6551000,"KLAC | yfinance | raw OHLC, not adjusted"
2021-07-27,31.530000686645508,31.530000686645508,30.253000259399414,30.899999618530273,10812000,"KLAC | yfinance | raw OHLC, not adjusted"
2021-07-28,31.100000381469727,31.69099998474121,30.94700050354004,31.55699920654297,6468000,"KLAC | yfinance | raw OHLC, not adjusted"
2021-07-29,31.344999313354492,32.01499938964844,31.03700065612793,31.94300079345703,11191000,"KLAC | yfinance | raw OHLC, not adjusted"
2021-07-30,33.94900131225586,35.67100143432617,33.555999755859375,34.816001892089844,26569000,"KLAC | yfinance | raw OHLC, not adjusted"
2021-08-02,34.816001892089844,35.66999816894531,34.479000091552734,34.590999603271484,11282000,"KLAC | yfinance | raw OHLC, not adjusted"
2021-08-03,34.722999572753906,34.95199966430664,34.29999923706055,34.68899917602539,9254000,"KLAC | yfinance | raw OHLC, not adjusted"
2021-08-04,34.68899917602539,35.599998474121094,34.68899917602539,35.380001068115234,11619000,"KLAC | yfinance | raw OHLC, not adjusted"
2021-08-05,35.55400085449219,35.66299819946289,34.95100021362305,35.37099838256836,7304000,"KLAC | yfinance | raw OHLC, not adjusted"
2021-08-06,35.15399932861328,35.47999954223633,35.11399841308594,35.334999084472656,9084000,"KLAC | yfinance | raw OHLC, not adjusted"
2021-08-09,35.35200119018555,35.606998443603516,35.130001068115234,35.152000427246094,7486000,"KLAC | yfinance | raw OHLC, not adjusted"
2021-08-10,35.124000549316406,35.20399856567383,34.060001373291016,34.20000076293945,14768000,"KLAC | yfinance | raw OHLC, not adjusted"
2021-08-11,34.3849983215332,34.50299835205078,33.62900161743164,34.26599884033203,8323000,"KLAC | yfinance | raw OHLC, not adjusted"
2021-08-12,33.75,33.98500061035156,32.81800079345703,32.85100173950195,13566000,"KLAC | yfinance | raw OHLC, not adjusted"
2021-08-13,32.7140007019043,32.91299819946289,32.58000183105469,32.78799819946289,5965000,"KLAC | yfinance | raw OHLC, not adjusted"
2021-08-16,32.702999114990234,33.15399932861328,32.58300018310547,32.91899871826172,10736000,"KLAC | yfinance | raw OHLC, not adjusted"
2021-08-17,32.58599853515625,32.70199966430664,31.68600082397461,32.244998931884766,12556000,"KLAC | yfinance | raw OHLC, not adjusted"
2021-08-18,32.051998138427734,32.64799880981445,31.716999053955078,31.7549991607666,11179000,"KLAC | yfinance | raw OHLC, not adjusted"
2021-08-19,31.479000091552734,32.36000061035156,31.350000381469727,32.23500061035156,7299000,"KLAC | yfinance | raw OHLC, not adjusted"
2021-08-20,32.472999572753906,32.74399948120117,31.54599952697754,31.996999740600586,7943000,"KLAC | yfinance | raw OHLC, not adjusted"
2021-08-23,32.395999908447266,32.96099853515625,32.3380012512207,32.854000091552734,12747000,"KLAC | yfinance | raw OHLC, not adjusted"
2021-08-24,32.96799850463867,33.43000030517578,32.637001037597656,32.79999923706055,6215000,"KLAC | yfinance | raw OHLC, not adjusted"
2021-08-25,32.56999969482422,33.55400085449219,32.56999969482422,33.402000427246094,8392000,"KLAC | yfinance | raw OHLC, not adjusted"
2021-08-26,33.45899963378906,33.67300033569336,33.20899963378906,33.375,4955000,"KLAC | yfinance | raw OHLC, not adjusted"
2021-08-27,33.5629997253418,34.35300064086914,33.486000061035156,34.292999267578125,6926000,"KLAC | yfinance | raw OHLC, not adjusted"
2021-08-30,34.534000396728516,34.689998626708984,33.882999420166016,34.21099853515625,5160000,"KLAC | yfinance | raw OHLC, not adjusted"
2021-08-31,34.367000579833984,34.367000579833984,33.37300109863281,33.99599838256836,10032000,"KLAC | yfinance | raw OHLC, not adjusted"
2021-09-01,34.095001220703125,34.159000396728516,33.513999938964844,33.54499816894531,6681000,"KLAC | yfinance | raw OHLC, not adjusted"
2021-09-02,33.78900146484375,33.965999603271484,33.5359992980957,33.770999908447266,4706000,"KLAC | yfinance | raw OHLC, not adjusted"
2021-09-03,33.611000061035156,34.250999450683594,33.611000061035156,34.17499923706055,4818000,"KLAC | yfinance | raw OHLC, not adjusted"
2021-09-07,34.26300048828125,34.30799865722656,33.79100036621094,34.180999755859375,5703000,"KLAC | yfinance | raw OHLC, not adjusted"
2021-09-08,34.11600112915039,34.11600112915039,33.45600128173828,33.67499923706055,7748000,"KLAC | yfinance | raw OHLC, not adjusted"
2021-09-09,33.59199905395508,34.888999938964844,33.55699920654297,34.78300094604492,12001000,"KLAC | yfinance | raw OHLC, not adjusted"
2021-09-10,35.099998474121094,35.90999984741211,35.03099822998047,35.05699920654297,12413000,"KLAC | yfinance | raw OHLC, not adjusted"
2021-09-13,35.46099853515625,35.832000732421875,34.93000030517578,35.560001373291016,9742000,"KLAC | yfinance | raw OHLC, not adjusted"
2021-09-14,36.051998138427734,36.479000091552734,35.35100173950195,35.638999938964844,13493000,"KLAC | yfinance | raw OHLC, not adjusted"
2021-09-15,35.73500061035156,36.75400161743164,35.404998779296875,36.73400115966797,15663000,"KLAC | yfinance | raw OHLC, not adjusted"
2021-09-16,36.5,37.37300109863281,36.31999969482422,37.20199966430664,19707000,"KLAC | yfinance | raw OHLC, not adjusted"
2021-09-17,37.439998626708984,37.459999084472656,36.6609992980957,36.98099899291992,21625000,"KLAC | yfinance | raw OHLC, not adjusted"
2021-09-20,36.040000915527344,36.15599822998047,34.97700119018555,35.518001556396484,13123000,"KLAC | yfinance | raw OHLC, not adjusted"
2021-09-21,35.89500045776367,35.944000244140625,34.9640007019043,35.65800094604492,11604000,"KLAC | yfinance | raw OHLC, not adjusted"
2021-09-22,35.91299819946289,36.63100051879883,35.599998474121094,36.55099868774414,7624000,"KLAC | yfinance | raw OHLC, not adjusted"
2021-09-23,36.66600036621094,37.24100112915039,36.57699966430664,37.097999572753906,9483000,"KLAC | yfinance | raw OHLC, not adjusted"
2021-09-24,36.766998291015625,37.064998626708984,36.67900085449219,36.952999114990234,4338000,"KLAC | yfinance | raw OHLC, not adjusted"
2021-09-27,36.45100021362305,36.941001892089844,36.279998779296875,36.577999114990234,8440000,"KLAC | yfinance | raw OHLC, not adjusted"
2021-09-28,35.23400115966797,35.694000244140625,34.632999420166016,34.702999114990234,16206000,"KLAC | yfinance | raw OHLC, not adjusted"
2021-09-29,34.86800003051758,34.9739990234375,33.48099899291992,33.529998779296875,12023000,"KLAC | yfinance | raw OHLC, not adjusted"
2021-09-30,33.827999114990234,34.222999572753906,33.38999938964844,33.45100021362305,9622000,"KLAC | yfinance | raw OHLC, not adjusted"
2021-10-01,33.672000885009766,33.845001220703125,32.87799835205078,33.50199890136719,9046000,"KLAC | yfinance | raw OHLC, not adjusted"
2021-10-04,33.21200180053711,33.262001037597656,32.558998107910156,32.90700149536133,11476000,"KLAC | yfinance | raw OHLC, not adjusted"
2021-10-05,33.29600143432617,33.444000244140625,32.82400131225586,33.12300109863281,7743000,"KLAC | yfinance | raw OHLC, not adjusted"
2021-10-06,32.67900085449219,33.02199935913086,32.43600082397461,32.90999984741211,8209000,"KLAC | yfinance | raw OHLC, not adjusted"
2021-10-07,33.3489990234375,33.617000579833984,32.93199920654297,33.0099983215332,8119000,"KLAC | yfinance | raw OHLC, not adjusted"
2021-10-08,33.229000091552734,33.23699951171875,32.481998443603516,32.60499954223633,6431000,"KLAC | yfinance | raw OHLC, not adjusted"
2021-10-11,32.457000732421875,33.12099838256836,32.45399856567383,32.52000045776367,5287000,"KLAC | yfinance | raw OHLC, not adjusted"
2021-10-12,32.750999450683594,32.82899856567383,31.798999786376953,31.954999923706055,8555000,"KLAC | yfinance | raw OHLC, not adjusted"
2021-10-13,32.38600158691406,32.599998474121094,31.909000396728516,32.04100036621094,6906000,"KLAC | yfinance | raw OHLC, not adjusted"
2021-10-14,33.13100051879883,33.13100051879883,32.6609992980957,32.97800064086914,9590000,"KLAC | yfinance | raw OHLC, not adjusted"
2021-10-15,33.016998291015625,33.23899841308594,32.78900146484375,32.90999984741211,7725000,"KLAC | yfinance | raw OHLC, not adjusted"
2021-10-18,32.667999267578125,32.823001861572266,32.233001708984375,32.676998138427734,13778000,"KLAC | yfinance | raw OHLC, not adjusted"
2021-10-19,32.56999969482422,33.27199935913086,32.555999755859375,33.2140007019043,8206000,"KLAC | yfinance | raw OHLC, not adjusted"
2021-10-20,33.17100143432617,33.39500045776367,32.821998596191406,33.10300064086914,7020000,"KLAC | yfinance | raw OHLC, not adjusted"
2021-10-21,32.6879997253418,33.612998962402344,32.3390007019043,33.55099868774414,8706000,"KLAC | yfinance | raw OHLC, not adjusted"
2021-10-22,34.21200180053711,35.79199981689453,34.05400085449219,34.303001403808594,18562000,"KLAC | yfinance | raw OHLC, not adjusted"
2021-10-25,34.770999908447266,34.770999908447266,34.167999267578125,34.323001861572266,10575000,"KLAC | yfinance | raw OHLC, not adjusted"
2021-10-26,34.9119987487793,34.9119987487793,33.74800109863281,34.196998596191406,8680000,"KLAC | yfinance | raw OHLC, not adjusted"
2021-10-27,34.09600067138672,34.542999267578125,33.62799835205078,34.05699920654297,11962000,"KLAC | yfinance | raw OHLC, not adjusted"
2021-10-28,36.64400100708008,38.89899826049805,35.25,35.534000396728516,23508000,"KLAC | yfinance | raw OHLC, not adjusted"
2021-10-29,35.222999572753906,37.4109992980957,35.198001861572266,37.2760009765625,16042000,"KLAC | yfinance | raw OHLC, not adjusted"
2021-11-01,37.29999923706055,38.04899978637695,36.91600036621094,38.0260009765625,20494000,"KLAC | yfinance | raw OHLC, not adjusted"
2021-11-02,38.104000091552734,38.88199996948242,38.10100173950195,38.875,11863000,"KLAC | yfinance | raw OHLC, not adjusted"
2021-11-03,39.0,39.387001037597656,38.305999755859375,39.367000579833984,12373000,"KLAC | yfinance | raw OHLC, not adjusted"
2021-11-04,39.40800094604492,40.96500015258789,39.367000579833984,40.90800094604492,17038000,"KLAC | yfinance | raw OHLC, not adjusted"
2021-11-05,41.03200149536133,41.84000015258789,40.5629997253418,41.67300033569336,16555000,"KLAC | yfinance | raw OHLC, not adjusted"
2021-11-08,41.67499923706055,41.93299865722656,41.058998107910156,41.284000396728516,12478000,"KLAC | yfinance | raw OHLC, not adjusted"
2021-11-09,41.292999267578125,41.7599983215332,41.04199981689453,41.71099853515625,8377000,"KLAC | yfinance | raw OHLC, not adjusted"
2021-11-10,41.00400161743164,41.79999923706055,40.33399963378906,40.435001373291016,11698000,"KLAC | yfinance | raw OHLC, not adjusted"
2021-11-11,41.020999908447266,41.422000885009766,40.79999923706055,41.27899932861328,6201000,"KLAC | yfinance | raw OHLC, not adjusted"
2021-11-12,41.24700164794922,41.73400115966797,40.97999954223633,41.327999114990234,6271000,"KLAC | yfinance | raw OHLC, not adjusted"
2021-11-15,41.79999923706055,41.8849983215332,41.053001403808594,41.305999755859375,6542000,"KLAC | yfinance | raw OHLC, not adjusted"
2021-11-16,41.30099868774414,42.402000427246094,41.117000579833984,42.31999969482422,11510000,"KLAC | yfinance | raw OHLC, not adjusted"
2021-11-17,42.176998138427734,42.404998779296875,41.75899887084961,41.98400115966797,14766000,"KLAC | yfinance | raw OHLC, not adjusted"
2021-11-18,42.28300094604492,42.48400115966797,41.736000061035156,42.32400131225586,8877000,"KLAC | yfinance | raw OHLC, not adjusted"
2021-11-19,42.202999114990234,42.683998107910156,42.08700180053711,42.237998962402344,7463000,"KLAC | yfinance | raw OHLC, not adjusted"
2021-11-22,42.39099884033203,42.7239990234375,40.73899841308594,40.790000915527344,16043000,"KLAC | yfinance | raw OHLC, not adjusted"
2021-11-23,40.7140007019043,41.236000061035156,40.08000183105469,41.198001861572266,11616000,"KLAC | yfinance | raw OHLC, not adjusted"
2021-11-24,41.03900146484375,41.334999084472656,40.11199951171875,41.33000183105469,7303000,"KLAC | yfinance | raw OHLC, not adjusted"
2021-11-26,40.67100143432617,41.0099983215332,39.70399856567383,39.895999908447266,7563000,"KLAC | yfinance | raw OHLC, not adjusted"
2021-11-29,40.28099822998047,41.46099853515625,40.28099822998047,41.38399887084961,10845000,"KLAC | yfinance | raw OHLC, not adjusted"
2021-11-30,41.26599884033203,41.84299850463867,40.582000732421875,40.8129997253418,15486000,"KLAC | yfinance | raw OHLC, not adjusted"
2021-12-01,41.525001525878906,42.821998596191406,40.81800079345703,41.21799850463867,16371000,"KLAC | yfinance | raw OHLC, not adjusted"
2021-12-02,40.87200164794922,41.58700180053711,40.12099838256836,40.25299835205078,16100000,"KLAC | yfinance | raw OHLC, not adjusted"
2021-12-03,40.762001037597656,41.090999603271484,39.46099853515625,40.06800079345703,13130000,"KLAC | yfinance | raw OHLC, not adjusted"
2021-12-06,40.29199981689453,40.34199905395508,39.016998291015625,39.952999114990234,12843000,"KLAC | yfinance | raw OHLC, not adjusted"
2021-12-07,40.65599822998047,42.04800033569336,40.57699966430664,41.915000915527344,13481000,"KLAC | yfinance | raw OHLC, not adjusted"
2021-12-08,41.858001708984375,42.23099899291992,41.33000183105469,42.12799835205078,9522000,"KLAC | yfinance | raw OHLC, not adjusted"
2021-12-09,41.82500076293945,42.012001037597656,40.88199996948242,40.9370002746582,10916000,"KLAC | yfinance | raw OHLC, not adjusted"
2021-12-10,41.516998291015625,41.755001068115234,40.409000396728516,41.069000244140625,8338000,"KLAC | yfinance | raw OHLC, not adjusted"
2021-12-13,41.069000244140625,41.07699966430664,39.68299865722656,39.974998474121094,11894000,"KLAC | yfinance | raw OHLC, not adjusted"
2021-12-14,39.57899856567383,40.22999954223633,39.417999267578125,39.94599914550781,9933000,"KLAC | yfinance | raw OHLC, not adjusted"
2021-12-15,40.04399871826172,41.15399932861328,39.277000427246094,40.99100112915039,21869000,"KLAC | yfinance | raw OHLC, not adjusted"
2021-12-16,41.400001525878906,41.499000549316406,39.50899887084961,39.73099899291992,23066000,"KLAC | yfinance | raw OHLC, not adjusted"
2021-12-17,39.63399887084961,39.74800109863281,38.70000076293945,39.154998779296875,32280000,"KLAC | yfinance | raw OHLC, not adjusted"
2021-12-20,38.5880012512207,39.3129997253418,38.16299819946289,38.54999923706055,18502000,"KLAC | yfinance | raw OHLC, not adjusted"
2021-12-21,40.314998626708984,41.220001220703125,40.10599899291992,40.939998626708984,22670000,"KLAC | yfinance | raw OHLC, not adjusted"
2021-12-22,40.62799835205078,41.3380012512207,40.35499954223633,41.32099914550781,7196000,"KLAC | yfinance | raw OHLC, not adjusted"
2021-12-23,41.52299880981445,42.44900131225586,41.50299835205078,42.07600021362305,8780000,"KLAC | yfinance | raw OHLC, not adjusted"
2021-12-27,42.222999572753906,44.154998779296875,42.20100021362305,44.016998291015625,13028000,"KLAC | yfinance | raw OHLC, not adjusted"
2021-12-28,44.15399932861328,44.24399948120117,43.03200149536133,43.21500015258789,7519000,"KLAC | yfinance | raw OHLC, not adjusted"
2021-12-29,43.27799987792969,43.89099884033203,43.15299987792969,43.507999420166016,6139000,"KLAC | yfinance | raw OHLC, not adjusted"
2021-12-30,43.54499816894531,43.599998474121094,42.62900161743164,42.70800018310547,6150000,"KLAC | yfinance | raw OHLC, not adjusted"
2021-12-31,42.790000915527344,43.19300079345703,42.72600173950195,43.01100158691406,5250000,"KLAC | yfinance | raw OHLC, not adjusted"
2022-01-03,43.11399841308594,43.56399917602539,42.56100082397461,43.50899887084961,10443000,"KLAC | yfinance | raw OHLC, not adjusted"
2022-01-04,43.4379997253418,43.683998107910156,41.7599983215332,43.124000549316406,9649000,"KLAC | yfinance | raw OHLC, not adjusted"
2022-01-05,43.215999603271484,43.50899887084961,41.96799850463867,42.07400131225586,11740000,"KLAC | yfinance | raw OHLC, not adjusted"
2022-01-06,42.0629997253418,43.505001068115234,41.777000427246094,43.22200012207031,12685000,"KLAC | yfinance | raw OHLC, not adjusted"
2022-01-07,42.98099899291992,43.553001403808594,41.61899948120117,41.691001892089844,11550000,"KLAC | yfinance | raw OHLC, not adjusted"
2022-01-10,41.020999908447266,41.95199966430664,40.470001220703125,41.87300109863281,13411000,"KLAC | yfinance | raw OHLC, not adjusted"
2022-01-11,41.486000061035156,42.58700180053711,41.04999923706055,42.56100082397461,10185000,"KLAC | yfinance | raw OHLC, not adjusted"
2022-01-12,42.96200180053711,43.69900131225586,42.96200180053711,43.38600158691406,12131000,"KLAC | yfinance | raw OHLC, not adjusted"
2022-01-13,44.625,45.71200180053711,42.04100036621094,42.14799880981445,22904000,"KLAC | yfinance | raw OHLC, not adjusted"
2022-01-14,41.91699981689453,44.551998138427734,41.87900161743164,44.5,14220000,"KLAC | yfinance | raw OHLC, not adjusted"
2022-01-18,43.71500015258789,43.82699966430664,41.20100021362305,41.29800033569336,17102000,"KLAC | yfinance | raw OHLC, not adjusted"
2022-01-19,41.777000427246094,42.18600082397461,39.284000396728516,39.319000244140625,15114000,"KLAC | yfinance | raw OHLC, not adjusted"
2022-01-20,40.0,40.762001037597656,38.231998443603516,38.327999114990234,15786000,"KLAC | yfinance | raw OHLC, not adjusted"
2022-01-21,37.902000427246094,38.849998474121094,37.06399917602539,37.303001403808594,19349000,"KLAC | yfinance | raw OHLC, not adjusted"
2022-01-24,36.76900100708008,39.356998443603516,36.290000915527344,39.11000061035156,33108000,"KLAC | yfinance | raw OHLC, not adjusted"
2022-01-25,37.80099868774414,38.20000076293945,36.96500015258789,37.01100158691406,17828000,"KLAC | yfinance | raw OHLC, not adjusted"
2022-01-26,38.37799835205078,39.80400085449219,37.417999267578125,38.060001373291016,23818000,"KLAC | yfinance | raw OHLC, not adjusted"
2022-01-27,37.58000183105469,37.88399887084961,35.895999908447266,36.18000030517578,30766000,"KLAC | yfinance | raw OHLC, not adjusted"
2022-01-28,35.255001068115234,36.694000244140625,34.40299987792969,36.665000915527344,21117000,"KLAC | yfinance | raw OHLC, not adjusted"
2022-01-31,36.63199996948242,38.972999572753906,36.61600112915039,38.926998138427734,22165000,"KLAC | yfinance | raw OHLC, not adjusted"
2022-02-01,38.981998443603516,39.150001525878906,37.5260009765625,38.803001403808594,13577000,"KLAC | yfinance | raw OHLC, not adjusted"
2022-02-02,39.12099838256836,39.67499923706055,38.527000427246094,39.54600143432617,13223000,"KLAC | yfinance | raw OHLC, not adjusted"
2022-02-03,38.55799865722656,38.92399978637695,37.24599838256836,37.36800003051758,18684000,"KLAC | yfinance | raw OHLC, not adjusted"
2022-02-04,37.308998107910156,38.06100082397461,36.81100082397461,37.737998962402344,11292000,"KLAC | yfinance | raw OHLC, not adjusted"
2022-02-07,37.8489990234375,38.15700149536133,37.4109992980957,37.560001373291016,10840000,"KLAC | yfinance | raw OHLC, not adjusted"
2022-02-08,37.516998291015625,38.63399887084961,37.29199981689453,38.52199935913086,19752000,"KLAC | yfinance | raw OHLC, not adjusted"
2022-02-09,39.35300064086914,40.12200164794922,39.0,40.01300048828125,14608000,"KLAC | yfinance | raw OHLC, not adjusted"
2022-02-10,39.04499816894531,40.577999114990234,38.72999954223633,38.97100067138672,13264000,"KLAC | yfinance | raw OHLC, not adjusted"
2022-02-11,39.11399841308594,39.38999938964844,36.507999420166016,36.92300033569336,16578000,"KLAC | yfinance | raw OHLC, not adjusted"
2022-02-14,37.016998291015625,37.79399871826172,35.93199920654297,36.51599884033203,12641000,"KLAC | yfinance | raw OHLC, not adjusted"
2022-02-15,37.347999572753906,38.930999755859375,37.26100158691406,38.75,15652000,"KLAC | yfinance | raw OHLC, not adjusted"
2022-02-16,38.19499969482422,38.75199890136719,37.75,38.564998626708984,16002000,"KLAC | yfinance | raw OHLC, not adjusted"
2022-02-17,37.92900085449219,38.132999420166016,36.50600051879883,36.60499954223633,18218000,"KLAC | yfinance | raw OHLC, not adjusted"
2022-02-18,37.0,37.0,35.32500076293945,35.83000183105469,13689000,"KLAC | yfinance | raw OHLC, not adjusted"
2022-02-22,35.50600051879883,36.53200149536133,34.86199951171875,35.57400131225586,16670000,"KLAC | yfinance | raw OHLC, not adjusted"
2022-02-23,35.93299865722656,36.42300033569336,34.220001220703125,34.37799835205078,16368000,"KLAC | yfinance | raw OHLC, not adjusted"
2022-02-24,33.16999816894531,35.827999114990234,32.92599868774414,35.78900146484375,16764000,"KLAC | yfinance | raw OHLC, not adjusted"
2022-02-25,35.66999816894531,35.98699951171875,35.084999084472656,35.76499938964844,15783000,"KLAC | yfinance | raw OHLC, not adjusted"
2022-02-28,35.34199905395508,35.64699935913086,34.112998962402344,34.849998474121094,18830000,"KLAC | yfinance | raw OHLC, not adjusted"
2022-03-01,34.65800094604492,34.935001373291016,33.314998626708984,33.67900085449219,14275000,"KLAC | yfinance | raw OHLC, not adjusted"
2022-03-02,34.23099899291992,34.79999923706055,33.72700119018555,34.606998443603516,12894000,"KLAC | yfinance | raw OHLC, not adjusted"
2022-03-03,34.90299987792969,34.95800018310547,33.832000732421875,34.25299835205078,10285000,"KLAC | yfinance | raw OHLC, not adjusted"
2022-03-04,33.874000549316406,34.099998474121094,32.69499969482422,33.209999084472656,15665000,"KLAC | yfinance | raw OHLC, not adjusted"
2022-03-07,33.45100021362305,33.749000549316406,31.389999389648438,31.413999557495117,16411000,"KLAC | yfinance | raw OHLC, not adjusted"
2022-03-08,31.625,33.2859992980957,31.05500030517578,32.18199920654297,18050000,"KLAC | yfinance | raw OHLC, not adjusted"
2022-03-09,33.111000061035156,34.19900131225586,33.09700012207031,33.95600128173828,15213000,"KLAC | yfinance | raw OHLC, not adjusted"
2022-03-10,33.07400131225586,33.44200134277344,32.27299880981445,32.87900161743164,15558000,"KLAC | yfinance | raw OHLC, not adjusted"
2022-03-11,33.61000061035156,33.801998138427734,32.27799987792969,32.32699966430664,9587000,"KLAC | yfinance | raw OHLC, not adjusted"
2022-03-14,32.42300033569336,33.11399841308594,31.801000595092773,32.0,15587000,"KLAC | yfinance | raw OHLC, not adjusted"
2022-03-15,32.36800003051758,33.41299819946289,32.3380012512207,33.321998596191406,13335000,"KLAC | yfinance | raw OHLC, not adjusted"
2022-03-16,33.70100021362305,35.130001068115234,33.32600021362305,35.09199905395508,15495000,"KLAC | yfinance | raw OHLC, not adjusted"
2022-03-17,34.643001556396484,35.43899917602539,34.50199890136719,35.26100158691406,10144000,"KLAC | yfinance | raw OHLC, not adjusted"
2022-03-18,35.055999755859375,36.641998291015625,34.68600082397461,36.505001068115234,29964000,"KLAC | yfinance | raw OHLC, not adjusted"
2022-03-21,36.03499984741211,36.40700149536133,35.08100128173828,35.62799835205078,13332000,"KLAC | yfinance | raw OHLC, not adjusted"
2022-03-22,35.659000396728516,36.46500015258789,35.659000396728516,36.10300064086914,8425000,"KLAC | yfinance | raw OHLC, not adjusted"
2022-03-23,36.02399826049805,36.02399826049805,34.82699966430664,34.87300109863281,11633000,"KLAC | yfinance | raw OHLC, not adjusted"
2022-03-24,35.39899826049805,36.611000061035156,35.01599884033203,36.5890007019043,10669000,"KLAC | yfinance | raw OHLC, not adjusted"
2022-03-25,36.34000015258789,36.88800048828125,35.9370002746582,36.64400100708008,9422000,"KLAC | yfinance | raw OHLC, not adjusted"
2022-03-28,36.917999267578125,37.564998626708984,36.310001373291016,37.53499984741211,10887000,"KLAC | yfinance | raw OHLC, not adjusted"
2022-03-29,38.10499954223633,38.69300079345703,37.744998931884766,38.43299865722656,10619000,"KLAC | yfinance | raw OHLC, not adjusted"
2022-03-30,38.34000015258789,38.345001220703125,37.15700149536133,37.38199996948242,11230000,"KLAC | yfinance | raw OHLC, not adjusted"
2022-03-31,37.48500061035156,37.89500045776367,36.560001373291016,36.60599899291992,13199000,"KLAC | yfinance | raw OHLC, not adjusted"
2022-04-01,36.91999816894531,37.005001068115234,35.479000091552734,36.027000427246094,11830000,"KLAC | yfinance | raw OHLC, not adjusted"
2022-04-04,36.17499923706055,36.83300018310547,36.040000915527344,36.70500183105469,9042000,"KLAC | yfinance | raw OHLC, not adjusted"
2022-04-05,36.41899871826172,36.54800033569336,34.319000244140625,34.551998138427734,16900000,"KLAC | yfinance | raw OHLC, not adjusted"
2022-04-06,33.893001556396484,34.94499969482422,33.3489990234375,34.42499923706055,17809000,"KLAC | yfinance | raw OHLC, not adjusted"
2022-04-07,34.33300018310547,35.638999938964844,34.29499816894531,35.30799865722656,13150000,"KLAC | yfinance | raw OHLC, not adjusted"
2022-04-08,34.95500183105469,35.018001556396484,34.06800079345703,34.12099838256836,15510000,"KLAC | yfinance | raw OHLC, not adjusted"
2022-04-11,33.691001892089844,33.91699981689453,33.11899948120117,33.14699935913086,14840000,"KLAC | yfinance | raw OHLC, not adjusted"
2022-04-12,34.0,34.513999938964844,32.81999969482422,33.025001525878906,11643000,"KLAC | yfinance | raw OHLC, not adjusted"
2022-04-13,33.15999984741211,33.9640007019043,32.95600128173828,33.652000427246094,11378000,"KLAC | yfinance | raw OHLC, not adjusted"
2022-04-14,33.599998474121094,33.73899841308594,32.09199905395508,32.14799880981445,14863000,"KLAC | yfinance | raw OHLC, not adjusted"
2022-04-18,32.0,33.000999450683594,31.940000534057617,32.7869987487793,9846000,"KLAC | yfinance | raw OHLC, not adjusted"
2022-04-19,32.94499969482422,33.89500045776367,32.45600128173828,33.78200149536133,13197000,"KLAC | yfinance | raw OHLC, not adjusted"
2022-04-20,34.50899887084961,35.1879997253418,34.5,34.558998107910156,12952000,"KLAC | yfinance | raw OHLC, not adjusted"
2022-04-21,34.88999938964844,35.49700164794922,33.444000244140625,33.5989990234375,13406000,"KLAC | yfinance | raw OHLC, not adjusted"
2022-04-22,33.46900177001953,33.6510009765625,32.35599899291992,32.428001403808594,14202000,"KLAC | yfinance | raw OHLC, not adjusted"
2022-04-25,32.222999572753906,33.167999267578125,31.93600082397461,33.12099838256836,12599000,"KLAC | yfinance | raw OHLC, not adjusted"
2022-04-26,32.534000396728516,32.64099884033203,31.440000534057617,31.47599983215332,12811000,"KLAC | yfinance | raw OHLC, not adjusted"
2022-04-27,31.270000457763672,32.400001525878906,31.201000213623047,31.47800064086914,10426000,"KLAC | yfinance | raw OHLC, not adjusted"
2022-04-28,31.93600082397461,33.715999603271484,31.674999237060547,33.2760009765625,18279000,"KLAC | yfinance | raw OHLC, not adjusted"
2022-04-29,33.17300033569336,34.22700119018555,31.841999053955078,31.926000595092773,24249000,"KLAC | yfinance | raw OHLC, not adjusted"
2022-05-02,32.16699981689453,32.74300003051758,31.216999053955078,32.66400146484375,15644000,"KLAC | yfinance | raw OHLC, not adjusted"
2022-05-03,32.632999420166016,33.50400161743164,32.35100173950195,33.400001525878906,13261000,"KLAC | yfinance | raw OHLC, not adjusted"
2022-05-04,33.474998474121094,35.047000885009766,32.643001556396484,34.9379997253418,14590000,"KLAC | yfinance | raw OHLC, not adjusted"
2022-05-05,34.28799819946289,34.599998474121094,32.93199920654297,33.34000015258789,18631000,"KLAC | yfinance | raw OHLC, not adjusted"
2022-05-06,33.18000030517578,33.82699966430664,32.099998474121094,33.1349983215332,9678000,"KLAC | yfinance | raw OHLC, not adjusted"
2022-05-09,32.231998443603516,32.95399856567383,31.632999420166016,31.886999130249023,18229000,"KLAC | yfinance | raw OHLC, not adjusted"
2022-05-10,32.83100128173828,33.05799865722656,31.618999481201172,32.321998596191406,14509000,"KLAC | yfinance | raw OHLC, not adjusted"
2022-05-11,31.827999114990234,32.67900085449219,31.107999801635742,31.163000106811523,13200000,"KLAC | yfinance | raw OHLC, not adjusted"
2022-05-12,30.899999618530273,32.0,30.64299964904785,31.559999465942383,14981000,"KLAC | yfinance | raw OHLC, not adjusted"
2022-05-13,32.034000396728516,33.770999908447266,31.802000045776367,33.641998291015625,19822000,"KLAC | yfinance | raw OHLC, not adjusted"
2022-05-16,33.196998596191406,33.77399826049805,32.89099884033203,33.05400085449219,9372000,"KLAC | yfinance | raw OHLC, not adjusted"
2022-05-17,34.01499938964844,35.3129997253418,33.755001068115234,35.1510009765625,16574000,"KLAC | yfinance | raw OHLC, not adjusted"
2022-05-18,34.50899887084961,35.097999572753906,33.14500045776367,33.3849983215332,16686000,"KLAC | yfinance | raw OHLC, not adjusted"
2022-05-19,33.27399826049805,34.643001556396484,33.178001403808594,33.85200119018555,14508000,"KLAC | yfinance | raw OHLC, not adjusted"
2022-05-20,34.268001556396484,34.67399978637695,31.80299949645996,33.54800033569336,19970000,"KLAC | yfinance | raw OHLC, not adjusted"
2022-05-23,33.68000030517578,34.547000885009766,33.569000244140625,34.11800003051758,10859000,"KLAC | yfinance | raw OHLC, not adjusted"
2022-05-24,33.70199966430664,33.895999908447266,32.65800094604492,33.00899887084961,13083000,"KLAC | yfinance | raw OHLC, not adjusted"
2022-05-25,32.858001708984375,33.986000061035156,32.75600051879883,33.79800033569336,11663000,"KLAC | yfinance | raw OHLC, not adjusted"
2022-05-26,33.323001861572266,35.45100021362305,33.310001373291016,35.327999114990234,14348000,"KLAC | yfinance | raw OHLC, not adjusted"
2022-05-27,35.80400085449219,37.23400115966797,35.80400085449219,37.12699890136719,14560000,"KLAC | yfinance | raw OHLC, not adjusted"
2022-05-31,36.630001068115234,36.768001556396484,35.777000427246094,36.48500061035156,15926000,"KLAC | yfinance | raw OHLC, not adjusted"
2022-06-01,36.65299987792969,36.90399932861328,35.077999114990234,35.69900131225586,11101000,"KLAC | yfinance | raw OHLC, not adjusted"
2022-06-02,35.59600067138672,37.19900131225586,35.41400146484375,37.176998138427734,11614000,"KLAC | yfinance | raw OHLC, not adjusted"
2022-06-03,36.29100036621094,36.638999938964844,35.9370002746582,36.24399948120117,7999000,"KLAC | yfinance | raw OHLC, not adjusted"
2022-06-06,37.01599884033203,37.15800094604492,36.00899887084961,36.24700164794922,5823000,"KLAC | yfinance | raw OHLC, not adjusted"
2022-06-07,35.85900115966797,36.87099838256836,35.529998779296875,36.72200012207031,6759000,"KLAC | yfinance | raw OHLC, not adjusted"
2022-06-08,36.61000061035156,36.715999603271484,35.729000091552734,36.14799880981445,8918000,"KLAC | yfinance | raw OHLC, not adjusted"
2022-06-09,35.7239990234375,36.382999420166016,34.95000076293945,34.95800018310547,9088000,"KLAC | yfinance | raw OHLC, not adjusted"
2022-06-10,34.37099838256836,34.58100128173828,33.32899856567383,33.36600112915039,12270000,"KLAC | yfinance | raw OHLC, not adjusted"
2022-06-13,32.233001708984375,32.525001525878906,31.267000198364258,31.38800048828125,19041000,"KLAC | yfinance | raw OHLC, not adjusted"
2022-06-14,31.875,32.0629997253418,31.163999557495117,31.64699935913086,11703000,"KLAC | yfinance | raw OHLC, not adjusted"
2022-06-15,32.23899841308594,32.948001861572266,31.621000289916992,32.37900161743164,12147000,"KLAC | yfinance | raw OHLC, not adjusted"
2022-06-16,31.90999984741211,32.1609992980957,30.652999877929688,31.040000915527344,22114000,"KLAC | yfinance | raw OHLC, not adjusted"
2022-06-17,31.121000289916992,31.639999389648438,30.4950008392334,31.19300079345703,30720000,"KLAC | yfinance | raw OHLC, not adjusted"
2022-06-21,31.948999404907227,33.25899887084961,31.773000717163086,32.72200012207031,13703000,"KLAC | yfinance | raw OHLC, not adjusted"
2022-06-22,31.795000076293945,32.93299865722656,31.61199951171875,32.444000244140625,10771000,"KLAC | yfinance | raw OHLC, not adjusted"
2022-06-23,32.641998291015625,32.7599983215332,31.617000579833984,32.066001892089844,13303000,"KLAC | yfinance | raw OHLC, not adjusted"
2022-06-24,32.79199981689453,33.957000732421875,32.433998107910156,33.95000076293945,19243000,"KLAC | yfinance | raw OHLC, not adjusted"
2022-06-27,34.28200149536133,34.49399948120117,33.50199890136719,33.85900115966797,13698000,"KLAC | yfinance | raw OHLC, not adjusted"
2022-06-28,34.14899826049805,34.52399826049805,32.84000015258789,33.00899887084961,12831000,"KLAC | yfinance | raw OHLC, not adjusted"
2022-06-29,32.358001708984375,32.52000045776367,31.621000289916992,32.05699920654297,12259000,"KLAC | yfinance | raw OHLC, not adjusted"
2022-06-30,31.573999404907227,32.560001373291016,31.31800079345703,31.908000946044922,13026000,"KLAC | yfinance | raw OHLC, not adjusted"
2022-07-01,30.964000701904297,31.368999481201172,29.211999893188477,29.625999450683594,23236000,"KLAC | yfinance | raw OHLC, not adjusted"
2022-07-05,28.628000259399414,29.572999954223633,28.283000946044922,29.555999755859375,22224000,"KLAC | yfinance | raw OHLC, not adjusted"
2022-07-06,29.540000915527344,29.72599983215332,29.082000732421875,29.299999237060547,22012000,"KLAC | yfinance | raw OHLC, not adjusted"
2022-07-07,30.134000778198242,31.562999725341797,29.92799949645996,31.41699981689453,18870000,"KLAC | yfinance | raw OHLC, not adjusted"
2022-07-08,30.92799949645996,31.881999969482422,30.8439998626709,31.68400001525879,10068000,"KLAC | yfinance | raw OHLC, not adjusted"
2022-07-11,31.291000366210938,31.649999618530273,30.799999237060547,31.316999435424805,13834000,"KLAC | yfinance | raw OHLC, not adjusted"
2022-07-12,31.514999389648438,31.950000762939453,31.14900016784668,31.378000259399414,10784000,"KLAC | yfinance | raw OHLC, not adjusted"
2022-07-13,30.76300048828125,31.656999588012695,30.639999389648438,31.312000274658203,10560000,"KLAC | yfinance | raw OHLC, not adjusted"
2022-07-14,31.104000091552734,32.12799835205078,30.211000442504883,31.909000396728516,16289000,"KLAC | yfinance | raw OHLC, not adjusted"
2022-07-15,32.22700119018555,32.62699890136719,31.665000915527344,32.62300109863281,12385000,"KLAC | yfinance | raw OHLC, not adjusted"
2022-07-18,33.150001525878906,34.084999084472656,32.6510009765625,32.94900131225586,16831000,"KLAC | yfinance | raw OHLC, not adjusted"
2022-07-19,33.41299819946289,34.61899948120117,33.33300018310547,34.55799865722656,20448000,"KLAC | yfinance | raw OHLC, not adjusted"
2022-07-20,34.36600112915039,35.7599983215332,34.207000732421875,35.64500045776367,16892000,"KLAC | yfinance | raw OHLC, not adjusted"
2022-07-21,35.81800079345703,36.137001037597656,35.25,36.05400085449219,12440000,"KLAC | yfinance | raw OHLC, not adjusted"
2022-07-22,36.047000885009766,36.047000885009766,35.176998138427734,35.402000427246094,14681000,"KLAC | yfinance | raw OHLC, not adjusted"
2022-07-25,34.83399963378906,35.1609992980957,34.29899978637695,35.060001373291016,9865000,"KLAC | yfinance | raw OHLC, not adjusted"
2022-07-26,34.986000061035156,35.237998962402344,34.41699981689453,34.590999603271484,8359000,"KLAC | yfinance | raw OHLC, not adjusted"
2022-07-27,35.02799987792969,36.45000076293945,34.99700164794922,36.11399841308594,13182000,"KLAC | yfinance | raw OHLC, not adjusted"
2022-07-28,36.11399841308594,37.13199996948242,35.39799880981445,36.99800109863281,13152000,"KLAC | yfinance | raw OHLC, not adjusted"
2022-07-29,36.20399856567383,38.81999969482422,36.018001556396484,38.354000091552734,18270000,"KLAC | yfinance | raw OHLC, not adjusted"
2022-08-01,38.11899948120117,39.06999969482422,37.84700012207031,38.56399917602539,10293000,"KLAC | yfinance | raw OHLC, not adjusted"
2022-08-02,38.37099838256836,39.005001068115234,37.93000030517578,38.26900100708008,12060000,"KLAC | yfinance | raw OHLC, not adjusted"
2022-08-03,38.31100082397461,39.779998779296875,38.31100082397461,39.59299850463867,13546000,"KLAC | yfinance | raw OHLC, not adjusted"
2022-08-04,39.79999923706055,39.895999908447266,39.35900115966797,39.7400016784668,11564000,"KLAC | yfinance | raw OHLC, not adjusted"
2022-08-05,38.909000396728516,39.74700164794922,38.599998474121094,39.57400131225586,12138000,"KLAC | yfinance | raw OHLC, not adjusted"
2022-08-08,39.084999084472656,39.66899871826172,38.13999938964844,38.768001556396484,16001000,"KLAC | yfinance | raw OHLC, not adjusted"
2022-08-09,37.452999114990234,37.45600128173828,35.56800079345703,35.832000732421875,31946000,"KLAC | yfinance | raw OHLC, not adjusted"
2022-08-10,36.79999923706055,37.54999923706055,36.36899948120117,37.45100021362305,17551000,"KLAC | yfinance | raw OHLC, not adjusted"
2022-08-11,37.54800033569336,38.5620002746582,37.10900115966797,37.275001525878906,13238000,"KLAC | yfinance | raw OHLC, not adjusted"
2022-08-12,37.4379997253418,38.37799835205078,37.249000549316406,38.119998931884766,11370000,"KLAC | yfinance | raw OHLC, not adjusted"
2022-08-15,37.79999923706055,38.564998626708984,37.409000396728516,38.43199920654297,13036000,"KLAC | yfinance | raw OHLC, not adjusted"
2022-08-16,38.39500045776367,38.5989990234375,37.84000015258789,38.073001861572266,8726000,"KLAC | yfinance | raw OHLC, not adjusted"
2022-08-17,37.68600082397461,37.91600036621094,36.91899871826172,37.50899887084961,11984000,"KLAC | yfinance | raw OHLC, not adjusted"
2022-08-18,37.650001525878906,38.404998779296875,37.36399841308594,38.20199966430664,11192000,"KLAC | yfinance | raw OHLC, not adjusted"
2022-08-19,37.63999938964844,37.88100051879883,36.922000885009766,37.180999755859375,12573000,"KLAC | yfinance | raw OHLC, not adjusted"
2022-08-22,36.369998931884766,36.637001037597656,35.80699920654297,35.97999954223633,13387000,"KLAC | yfinance | raw OHLC, not adjusted"
2022-08-23,36.16899871826172,36.91899871826172,36.12699890136719,36.244998931884766,8602000,"KLAC | yfinance | raw OHLC, not adjusted"
2022-08-24,36.0260009765625,36.55699920654297,35.768001556396484,36.266998291015625,9384000,"KLAC | yfinance | raw OHLC, not adjusted"
2022-08-25,36.41400146484375,37.73500061035156,36.27399826049805,37.672000885009766,12853000,"KLAC | yfinance | raw OHLC, not adjusted"
2022-08-26,37.52199935913086,37.70000076293945,35.900001525878906,35.917999267578125,16044000,"KLAC | yfinance | raw OHLC, not adjusted"
2022-08-29,35.3489990234375,35.972999572753906,35.12699890136719,35.3380012512207,13197000,"KLAC | yfinance | raw OHLC, not adjusted"
2022-08-30,35.72999954223633,35.7400016784668,34.345001220703125,34.7140007019043,14166000,"KLAC | yfinance | raw OHLC, not adjusted"
2022-08-31,34.98400115966797,34.98400115966797,33.98500061035156,34.41299819946289,15648000,"KLAC | yfinance | raw OHLC, not adjusted"
2022-09-01,33.486000061035156,33.78799819946289,32.89899826049805,33.71099853515625,18704000,"KLAC | yfinance | raw OHLC, not adjusted"
2022-09-02,34.176998138427734,34.53200149536133,33.29800033569336,33.525001525878906,13007000,"KLAC | yfinance | raw OHLC, not adjusted"
2022-09-06,33.38100051879883,33.70600128173828,32.67100143432617,33.05799865722656,14028000,"KLAC | yfinance | raw OHLC, not adjusted"
2022-09-07,33.21200180053711,34.084999084472656,32.874000549316406,33.78200149536133,16049000,"KLAC | yfinance | raw OHLC, not adjusted"
2022-09-08,33.58300018310547,35.143001556396484,33.279998779296875,35.10900115966797,22582000,"KLAC | yfinance | raw OHLC, not adjusted"
2022-09-09,35.68600082397461,36.27299880981445,35.68600082397461,35.867000579833984,16553000,"KLAC | yfinance | raw OHLC, not adjusted"
2022-09-12,35.694000244140625,35.94200134277344,35.275001525878906,35.74700164794922,11413000,"KLAC | yfinance | raw OHLC, not adjusted"
2022-09-13,34.29800033569336,34.832000732421875,33.952999114990234,34.06800079345703,23265000,"KLAC | yfinance | raw OHLC, not adjusted"
2022-09-14,34.354000091552734,34.97600173950195,33.78200149536133,34.6609992980957,18030000,"KLAC | yfinance | raw OHLC, not adjusted"
2022-09-15,34.4640007019043,34.4640007019043,33.4379997253418,33.736000061035156,15775000,"KLAC | yfinance | raw OHLC, not adjusted"
2022-09-16,33.492000579833984,33.816001892089844,32.82500076293945,33.553001403808594,42193000,"KLAC | yfinance | raw OHLC, not adjusted"
2022-09-19,33.32400131225586,33.81399917602539,33.013999938964844,33.435001373291016,14174000,"KLAC | yfinance | raw OHLC, not adjusted"
2022-09-20,33.167999267578125,33.249000549316406,32.79800033569336,32.9900016784668,11625000,"KLAC | yfinance | raw OHLC, not adjusted"
2022-09-21,33.242000579833984,33.75400161743164,32.28499984741211,32.2859992980957,18007000,"KLAC | yfinance | raw OHLC, not adjusted"
2022-09-22,32.034000396728516,32.11199951171875,31.226999282836914,31.30699920654297,22904000,"KLAC | yfinance | raw OHLC, not adjusted"
2022-09-23,31.02899932861328,31.100000381469727,30.218000411987305,30.760000228881836,18399000,"KLAC | yfinance | raw OHLC, not adjusted"
2022-09-26,30.891000747680664,31.29800033569336,30.29199981689453,30.35700035095215,14763000,"KLAC | yfinance | raw OHLC, not adjusted"
2022-09-27,31.090999603271484,31.158000946044922,30.25,30.83799934387207,13645000,"KLAC | yfinance | raw OHLC, not adjusted"
2022-09-28,30.591999053955078,31.676000595092773,30.347999572753906,31.569000244140625,16933000,"KLAC | yfinance | raw OHLC, not adjusted"
2022-09-29,31.093000411987305,31.222999572753906,30.613000869750977,31.070999145507812,17848000,"KLAC | yfinance | raw OHLC, not adjusted"
2022-09-30,30.292999267578125,31.197999954223633,30.233999252319336,30.26300048828125,16414000,"KLAC | yfinance | raw OHLC, not adjusted"
2022-10-03,30.618999481201172,32.095001220703125,30.476999282836914,31.652999877929688,18693000,"KLAC | yfinance | raw OHLC, not adjusted"
2022-10-04,32.97100067138672,33.08399963378906,32.33300018310547,32.729000091552734,15493000,"KLAC | yfinance | raw OHLC, not adjusted"
2022-10-05,32.007999420166016,33.3120002746582,31.63599967956543,32.904998779296875,13488000,"KLAC | yfinance | raw OHLC, not adjusted"
2022-10-06,32.81999969482422,33.48899841308594,32.66299819946289,32.749000549316406,13177000,"KLAC | yfinance | raw OHLC, not adjusted"
2022-10-07,31.829999923706055,32.17499923706055,31.094999313354492,31.416000366210938,21944000,"KLAC | yfinance | raw OHLC, not adjusted"
2022-10-10,31.3799991607666,31.3799991607666,29.6200008392334,29.93400001525879,20970000,"KLAC | yfinance | raw OHLC, not adjusted"
2022-10-11,29.058000564575195,29.89699935913086,27.66200065612793,28.091999053955078,35612000,"KLAC | yfinance | raw OHLC, not adjusted"
2022-10-12,28.118999481201172,28.194000244140625,27.381000518798828,27.481000900268555,24274000,"KLAC | yfinance | raw OHLC, not adjusted"
2022-10-13,25.930999755859375,28.41699981689453,25.020000457763672,27.854000091552734,45888000,"KLAC | yfinance | raw OHLC, not adjusted"
2022-10-14,28.070999145507812,28.090999603271484,26.31800079345703,26.3700008392334,23460000,"KLAC | yfinance | raw OHLC, not adjusted"
2022-10-17,27.066999435424805,27.253999710083008,26.190000534057617,26.32200050354004,25573000,"KLAC | yfinance | raw OHLC, not adjusted"
2022-10-18,27.204999923706055,27.45599937438965,26.259000778198242,26.875999450683594,17636000,"KLAC | yfinance | raw OHLC, not adjusted"
2022-10-19,26.812000274658203,27.41200065612793,26.382999420166016,27.195999145507812,19912000,"KLAC | yfinance | raw OHLC, not adjusted"
2022-10-20,27.441999435424805,28.256999969482422,27.152999877929688,27.701000213623047,19424000,"KLAC | yfinance | raw OHLC, not adjusted"
2022-10-21,27.742000579833984,29.152999877929688,27.511999130249023,29.062999725341797,20677000,"KLAC | yfinance | raw OHLC, not adjusted"
2022-10-24,29.138999938964844,29.70199966430664,28.930999755859375,29.538999557495117,13690000,"KLAC | yfinance | raw OHLC, not adjusted"
2022-10-25,29.76799964904785,30.77400016784668,29.729999542236328,30.48699951171875,17750000,"KLAC | yfinance | raw OHLC, not adjusted"
2022-10-26,30.100000381469727,31.114999771118164,29.90399932861328,30.639999389648438,19586000,"KLAC | yfinance | raw OHLC, not adjusted"
2022-10-27,31.577999114990234,31.577999114990234,30.427000045776367,30.891000747680664,22987000,"KLAC | yfinance | raw OHLC, not adjusted"
2022-10-28,31.072999954223633,32.31399917602539,30.996999740600586,32.150001525878906,28802000,"KLAC | yfinance | raw OHLC, not adjusted"
2022-10-31,31.785999298095703,31.95800018310547,31.399999618530273,31.645000457763672,13643000,"KLAC | yfinance | raw OHLC, not adjusted"
2022-11-01,32.347999572753906,32.46799850463867,31.9060001373291,32.11800003051758,16669000,"KLAC | yfinance | raw OHLC, not adjusted"
2022-11-02,32.20100021362305,32.76300048828125,30.986000061035156,31.242000579833984,18466000,"KLAC | yfinance | raw OHLC, not adjusted"
2022-11-03,30.73200035095215,31.996000289916992,30.729999542236328,31.444000244140625,17117000,"KLAC | yfinance | raw OHLC, not adjusted"
2022-11-04,32.53300094604492,32.83700180053711,31.875999450683594,32.803001403808594,18758000,"KLAC | yfinance | raw OHLC, not adjusted"
2022-11-07,33.07600021362305,33.78900146484375,32.84299850463867,33.71699905395508,19555000,"KLAC | yfinance | raw OHLC, not adjusted"
2022-11-08,34.35100173950195,34.56700134277344,33.56999969482422,34.2130012512207,14855000,"KLAC | yfinance | raw OHLC, not adjusted"
2022-11-09,33.61899948120117,34.362998962402344,33.4630012512207,33.75199890136719,14710000,"KLAC | yfinance | raw OHLC, not adjusted"
2022-11-10,35.75600051879883,36.91699981689453,34.9630012512207,36.82500076293945,27341000,"KLAC | yfinance | raw OHLC, not adjusted"
2022-11-11,37.053001403808594,38.29399871826172,36.6150016784668,38.020999908447266,16653000,"KLAC | yfinance | raw OHLC, not adjusted"
2022-11-14,37.58399963378906,38.573001861572266,37.58399963378906,37.79100036621094,12633000,"KLAC | yfinance | raw OHLC, not adjusted"
2022-11-15,39.01100158691406,39.25,37.986000061035156,38.55500030517578,17427000,"KLAC | yfinance | raw OHLC, not adjusted"
2022-11-16,37.17900085449219,37.76100158691406,36.75699996948242,37.04199981689453,24557000,"KLAC | yfinance | raw OHLC, not adjusted"
2022-11-17,36.176998138427734,37.645999908447266,36.000999450683594,37.5989990234375,9875000,"KLAC | yfinance | raw OHLC, not adjusted"
2022-11-18,38.25600051879883,38.284000396728516,37.17900085449219,37.63399887084961,11216000,"KLAC | yfinance | raw OHLC, not adjusted"
2022-11-21,37.1619987487793,37.6349983215332,37.077999114990234,37.21099853515625,10826000,"KLAC | yfinance | raw OHLC, not adjusted"
2022-11-22,37.60599899291992,38.3129997253418,36.900001525878906,38.21799850463867,13803000,"KLAC | yfinance | raw OHLC, not adjusted"
2022-11-23,38.04999923706055,38.887001037597656,38.0099983215332,38.5629997253418,14010000,"KLAC | yfinance | raw OHLC, not adjusted"
2022-11-25,38.20000076293945,38.45199966430664,38.0,38.00199890136719,6244000,"KLAC | yfinance | raw OHLC, not adjusted"
2022-11-28,37.520999908447266,38.05400085449219,37.29499816894531,37.49300003051758,14136000,"KLAC | yfinance | raw OHLC, not adjusted"
2022-11-29,37.48400115966797,37.70100021362305,37.08700180053711,37.43299865722656,8132000,"KLAC | yfinance | raw OHLC, not adjusted"
2022-11-30,37.58700180053711,39.481998443603516,37.236000061035156,39.314998626708984,27951000,"KLAC | yfinance | raw OHLC, not adjusted"
2022-12-01,39.5,39.59199905395508,38.32699966430664,39.073001861572266,18380000,"KLAC | yfinance | raw OHLC, not adjusted"
2022-12-02,38.066001892089844,39.13600158691406,37.93199920654297,38.95600128173828,9213000,"KLAC | yfinance | raw OHLC, not adjusted"
2022-12-05,38.645999908447266,39.222999572753906,38.45800018310547,38.856998443603516,12364000,"KLAC | yfinance | raw OHLC, not adjusted"
2022-12-06,39.066001892089844,39.132999420166016,38.018001556396484,38.32400131225586,11713000,"KLAC | yfinance | raw OHLC, not adjusted"
2022-12-07,37.91600036621094,38.902000427246094,37.84400177001953,38.808998107910156,8280000,"KLAC | yfinance | raw OHLC, not adjusted"
2022-12-08,39.106998443603516,39.75199890136719,38.81999969482422,39.59199905395508,11300000,"KLAC | yfinance | raw OHLC, not adjusted"
2022-12-09,39.191001892089844,40.05400085449219,38.7599983215332,39.340999603271484,13803000,"KLAC | yfinance | raw OHLC, not adjusted"
2022-12-12,38.540000915527344,40.10100173950195,38.37099838256836,40.090999603271484,15558000,"KLAC | yfinance | raw OHLC, not adjusted"
2022-12-13,41.566001892089844,41.957000732421875,40.35599899291992,40.90299987792969,22219000,"KLAC | yfinance | raw OHLC, not adjusted"
2022-12-14,40.83700180053711,41.40399932861328,40.17300033569336,40.62099838256836,15570000,"KLAC | yfinance | raw OHLC, not adjusted"
2022-12-15,39.80500030517578,39.9640007019043,38.32500076293945,38.474998474121094,20916000,"KLAC | yfinance | raw OHLC, not adjusted"
2022-12-16,38.20399856567383,38.7760009765625,38.025001525878906,38.55400085449219,23609000,"KLAC | yfinance | raw OHLC, not adjusted"
2022-12-19,38.49700164794922,38.582000732421875,37.94200134277344,38.36600112915039,11228000,"KLAC | yfinance | raw OHLC, not adjusted"
2022-12-20,38.07899856567383,38.9739990234375,37.84600067138672,38.590999603271484,9034000,"KLAC | yfinance | raw OHLC, not adjusted"
2022-12-21,38.88100051879883,39.8129997253418,38.757999420166016,39.678001403808594,11250000,"KLAC | yfinance | raw OHLC, not adjusted"
2022-12-22,38.60900115966797,38.678001403808594,36.70600128173828,37.3849983215332,20757000,"KLAC | yfinance | raw OHLC, not adjusted"
2022-12-23,37.2239990234375,37.79999923706055,36.77199935913086,37.73899841308594,8920000,"KLAC | yfinance | raw OHLC, not adjusted"
2022-12-27,37.625999450683594,37.625999450683594,36.88600158691406,37.11000061035156,9887000,"KLAC | yfinance | raw OHLC, not adjusted"
2022-12-28,36.930999755859375,37.54800033569336,36.63199996948242,36.7760009765625,6104000,"KLAC | yfinance | raw OHLC, not adjusted"
2022-12-29,37.31399917602539,38.13600158691406,37.27399826049805,37.986000061035156,7872000,"KLAC | yfinance | raw OHLC, not adjusted"
2022-12-30,37.45500183105469,37.750999450683594,37.03099822998047,37.702999114990234,6693000,"KLAC | yfinance | raw OHLC, not adjusted"
2023-01-03,38.400001525878906,38.4739990234375,37.257999420166016,37.654998779296875,7641000,"KLAC | yfinance | raw OHLC, not adjusted"
2023-01-04,38.28499984741211,38.516998291015625,37.409000396728516,38.02299880981445,11876000,"KLAC | yfinance | raw OHLC, not adjusted"
2023-01-05,37.46799850463867,38.07899856567383,37.3120002746582,37.34700012207031,9249000,"KLAC | yfinance | raw OHLC, not adjusted"
2023-01-06,37.999000549316406,39.775001525878906,37.77000045776367,39.75899887084961,14234000,"KLAC | yfinance | raw OHLC, not adjusted"
2023-01-09,40.26300048828125,41.691001892089844,40.012001037597656,40.83300018310547,19554000,"KLAC | yfinance | raw OHLC, not adjusted"
2023-01-10,40.69900131225586,41.66999816894531,40.63399887084961,41.62699890136719,9790000,"KLAC | yfinance | raw OHLC, not adjusted"
2023-01-11,41.32699966430664,41.95199966430664,41.12799835205078,41.915000915527344,12308000,"KLAC | yfinance | raw OHLC, not adjusted"
2023-01-12,41.915000915527344,42.27000045776367,40.74800109863281,41.90700149536133,15053000,"KLAC | yfinance | raw OHLC, not adjusted"
2023-01-13,41.57899856567383,42.1150016784668,41.244998931884766,42.00400161743164,16152000,"KLAC | yfinance | raw OHLC, not adjusted"
2023-01-17,41.77299880981445,42.053001403808594,41.36899948120117,41.595001220703125,10462000,"KLAC | yfinance | raw OHLC, not adjusted"
2023-01-18,42.22100067138672,42.827999114990234,41.47700119018555,41.50600051879883,11839000,"KLAC | yfinance | raw OHLC, not adjusted"
2023-01-19,41.09199905395508,41.48099899291992,40.183998107910156,40.209999084472656,14098000,"KLAC | yfinance | raw OHLC, not adjusted"
2023-01-20,40.48699951171875,41.47999954223633,40.26599884033203,41.3849983215332,9233000,"KLAC | yfinance | raw OHLC, not adjusted"
2023-01-23,40.7599983215332,42.85599899291992,40.7599983215332,42.55799865722656,14594000,"KLAC | yfinance | raw OHLC, not adjusted"
2023-01-24,41.88399887084961,42.62799835205078,41.744998931884766,42.31399917602539,8527000,"KLAC | yfinance | raw OHLC, not adjusted"
2023-01-25,41.275001525878906,42.30500030517578,40.84199905395508,42.262001037597656,12763000,"KLAC | yfinance | raw OHLC, not adjusted"
2023-01-26,42.4010009765625,42.94599914550781,41.5,42.875999450683594,16463000,"KLAC | yfinance | raw OHLC, not adjusted"
2023-01-27,40.5,41.05099868774414,39.52899932861328,39.9370002746582,23855000,"KLAC | yfinance | raw OHLC, not adjusted"
2023-01-30,39.52799987792969,39.66899871826172,38.71200180053711,38.768001556396484,14460000,"KLAC | yfinance | raw OHLC, not adjusted"
2023-01-31,38.79899978637695,39.305999755859375,38.7869987487793,39.24800109863281,11133000,"KLAC | yfinance | raw OHLC, not adjusted"
2023-02-01,39.255001068115234,41.4010009765625,39.077999114990234,40.97700119018555,17278000,"KLAC | yfinance | raw OHLC, not adjusted"
2023-02-02,41.400001525878906,41.694000244140625,40.861000061035156,41.42599868774414,13431000,"KLAC | yfinance | raw OHLC, not adjusted"
2023-02-03,40.909000396728516,42.17900085449219,40.624000549316406,40.82699966430664,10805000,"KLAC | yfinance | raw OHLC, not adjusted"
2023-02-06,40.4370002746582,41.31700134277344,40.207000732421875,40.558998107910156,8555000,"KLAC | yfinance | raw OHLC, not adjusted"
2023-02-07,40.69300079345703,41.85200119018555,40.3129997253418,41.68299865722656,14353000,"KLAC | yfinance | raw OHLC, not adjusted"
2023-02-08,41.29800033569336,41.571998596191406,40.3650016784668,40.45399856567383,9377000,"KLAC | yfinance | raw OHLC, not adjusted"
2023-02-09,41.13800048828125,41.42399978637695,39.983001708984375,40.374000549316406,12318000,"KLAC | yfinance | raw OHLC, not adjusted"
2023-02-10,39.895999908447266,40.06700134277344,39.0890007019043,39.56800079345703,9105000,"KLAC | yfinance | raw OHLC, not adjusted"
2023-02-13,39.62200164794922,40.428001403808594,39.34400177001953,40.27000045776367,12508000,"KLAC | yfinance | raw OHLC, not adjusted"
2023-02-14,39.76100158691406,40.79999923706055,39.62900161743164,40.233001708984375,13530000,"KLAC | yfinance | raw OHLC, not adjusted"
2023-02-15,39.87799835205078,40.48699951171875,39.32099914550781,40.44599914550781,9404000,"KLAC | yfinance | raw OHLC, not adjusted"
2023-02-16,39.729000091552734,40.029998779296875,39.07500076293945,39.28300094604492,13346000,"KLAC | yfinance | raw OHLC, not adjusted"
2023-02-17,39.28300094604492,39.5099983215332,38.4010009765625,38.79199981689453,9912000,"KLAC | yfinance | raw OHLC, not adjusted"
2023-02-21,38.38600158691406,38.770999908447266,37.810001373291016,37.83399963378906,11610000,"KLAC | yfinance | raw OHLC, not adjusted"
2023-02-22,38.047000885009766,38.143001556396484,37.3849983215332,37.775001525878906,8845000,"KLAC | yfinance | raw OHLC, not adjusted"
2023-02-23,38.56800079345703,39.05400085449219,37.91400146484375,38.83700180053711,11211000,"KLAC | yfinance | raw OHLC, not adjusted"
2023-02-24,38.22100067138672,38.43000030517578,37.777000427246094,37.98500061035156,7264000,"KLAC | yfinance | raw OHLC, not adjusted"
2023-02-27,38.66999816894531,38.66999816894531,37.858001708984375,37.909000396728516,7562000,"KLAC | yfinance | raw OHLC, not adjusted"
2023-02-28,37.82099914550781,38.441001892089844,37.584999084472656,37.9379997253418,11899000,"KLAC | yfinance | raw OHLC, not adjusted"
2023-03-01,37.38199996948242,38.34000015258789,37.310001373291016,37.83399963378906,7316000,"KLAC | yfinance | raw OHLC, not adjusted"
2023-03-02,37.28900146484375,38.12699890136719,36.72800064086914,37.83100128173828,8646000,"KLAC | yfinance | raw OHLC, not adjusted"
2023-03-03,37.94300079345703,38.33000183105469,37.40399932861328,38.15299987792969,7828000,"KLAC | yfinance | raw OHLC, not adjusted"
2023-03-06,38.4739990234375,38.60100173950195,37.763999938964844,37.96699905395508,7732000,"KLAC | yfinance | raw OHLC, not adjusted"
2023-03-07,37.9739990234375,38.06999969482422,37.236000061035156,37.540000915527344,6934000,"KLAC | yfinance | raw OHLC, not adjusted"
2023-03-08,37.867000579833984,38.917999267578125,37.632999420166016,38.74100112915039,9623000,"KLAC | yfinance | raw OHLC, not adjusted"
2023-03-09,38.696998596191406,39.49100112915039,37.757999420166016,37.84700012207031,9598000,"KLAC | yfinance | raw OHLC, not adjusted"
2023-03-10,38.409000396728516,38.49800109863281,36.362998962402344,36.750999450683594,11426000,"KLAC | yfinance | raw OHLC, not adjusted"
2023-03-13,36.29100036621094,37.05099868774414,35.98400115966797,36.481998443603516,12464000,"KLAC | yfinance | raw OHLC, not adjusted"
2023-03-14,37.26100158691406,38.016998291015625,36.96799850463867,37.902000427246094,13628000,"KLAC | yfinance | raw OHLC, not adjusted"
2023-03-15,37.32500076293945,37.36899948120117,36.14500045776367,37.03099822998047,10134000,"KLAC | yfinance | raw OHLC, not adjusted"
2023-03-16,36.77199935913086,39.04800033569336,36.5,38.9900016784668,13557000,"KLAC | yfinance | raw OHLC, not adjusted"
2023-03-17,38.9900016784668,39.172000885009766,38.277000427246094,38.775001525878906,30335000,"KLAC | yfinance | raw OHLC, not adjusted"
2023-03-20,38.95500183105469,39.14500045776367,38.42300033569336,38.99399948120117,8760000,"KLAC | yfinance | raw OHLC, not adjusted"
2023-03-21,39.275001525878906,39.65999984741211,38.0359992980957,38.50600051879883,7642000,"KLAC | yfinance | raw OHLC, not adjusted"
2023-03-22,38.24300003051758,39.7400016784668,38.130001068115234,38.18600082397461,8864000,"KLAC | yfinance | raw OHLC, not adjusted"
2023-03-23,38.805999755859375,39.69900131225586,38.1870002746582,38.88100051879883,12195000,"KLAC | yfinance | raw OHLC, not adjusted"
2023-03-24,38.4900016784668,38.5629997253418,37.04999923706055,37.50699996948242,13757000,"KLAC | yfinance | raw OHLC, not adjusted"
2023-03-27,37.75,37.981998443603516,37.231998443603516,37.402000427246094,7688000,"KLAC | yfinance | raw OHLC, not adjusted"
2023-03-28,37.36000061035156,37.38199996948242,36.542999267578125,37.10100173950195,9265000,"KLAC | yfinance | raw OHLC, not adjusted"
2023-03-29,37.849998474121094,38.847999572753906,37.60900115966797,38.51499938964844,12840000,"KLAC | yfinance | raw OHLC, not adjusted"
2023-03-30,39.034000396728516,39.98500061035156,38.95500183105469,39.60300064086914,9837000,"KLAC | yfinance | raw OHLC, not adjusted"
2023-03-31,39.37300109863281,39.987998962402344,39.28900146484375,39.91699981689453,10555000,"KLAC | yfinance | raw OHLC, not adjusted"
2023-04-03,39.72200012207031,40.03900146484375,39.26100158691406,39.89899826049805,7878000,"KLAC | yfinance | raw OHLC, not adjusted"
2023-04-04,40.10599899291992,40.14500045776367,39.0260009765625,39.28499984741211,8516000,"KLAC | yfinance | raw OHLC, not adjusted"
2023-04-05,38.83000183105469,38.89099884033203,37.68000030517578,38.1609992980957,9856000,"KLAC | yfinance | raw OHLC, not adjusted"
2023-04-06,37.43199920654297,37.89400100708008,36.77399826049805,37.465999603271484,7468000,"KLAC | yfinance | raw OHLC, not adjusted"
2023-04-10,36.98699951171875,38.3489990234375,36.84700012207031,38.266998291015625,10089000,"KLAC | yfinance | raw OHLC, not adjusted"
2023-04-11,38.42399978637695,38.54399871826172,37.702999114990234,37.79100036621094,9916000,"KLAC | yfinance | raw OHLC, not adjusted"
2023-04-12,38.07500076293945,38.196998596191406,36.93600082397461,37.013999938964844,8117000,"KLAC | yfinance | raw OHLC, not adjusted"
2023-04-13,37.0,37.67499923706055,36.702999114990234,37.43899917602539,8169000,"KLAC | yfinance | raw OHLC, not adjusted"
2023-04-14,37.34000015258789,38.01599884033203,37.10200119018555,37.50400161743164,7867000,"KLAC | yfinance | raw OHLC, not adjusted"
2023-04-17,36.433998107910156,37.215999603271484,36.191001892089844,37.21099853515625,10270000,"KLAC | yfinance | raw OHLC, not adjusted"
2023-04-18,37.520999908447266,37.676998138427734,36.76900100708008,37.12099838256836,8811000,"KLAC | yfinance | raw OHLC, not adjusted"
2023-04-19,36.696998596191406,36.72800064086914,36.047000885009766,36.125999450683594,12186000,"KLAC | yfinance | raw OHLC, not adjusted"
2023-04-20,36.202999114990234,37.9739990234375,36.178001403808594,37.57099914550781,16652000,"KLAC | yfinance | raw OHLC, not adjusted"
2023-04-21,37.47600173950195,37.47999954223633,36.926998138427734,37.196998596191406,9182000,"KLAC | yfinance | raw OHLC, not adjusted"
2023-04-24,37.2859992980957,37.51100158691406,37.07400131225586,37.231998443603516,6027000,"KLAC | yfinance | raw OHLC, not adjusted"
2023-04-25,37.01900100708008,37.08700180053711,35.722999572753906,35.775001525878906,12928000,"KLAC | yfinance | raw OHLC, not adjusted"
2023-04-26,35.79999923706055,36.04600143432617,35.5880012512207,35.736000061035156,12746000,"KLAC | yfinance | raw OHLC, not adjusted"
2023-04-27,38.375,38.58100128173828,36.900001525878906,38.4640007019043,21297000,"KLAC | yfinance | raw OHLC, not adjusted"
2023-04-28,38.59199905395508,38.95100021362305,38.013999938964844,38.65399932861328,13267000,"KLAC | yfinance | raw OHLC, not adjusted"
2023-05-01,38.58000183105469,38.97200012207031,38.28099822998047,38.44300079345703,6913000,"KLAC | yfinance | raw OHLC, not adjusted"
2023-05-02,38.564998626708984,38.61000061035156,37.65800094604492,37.845001220703125,8399000,"KLAC | yfinance | raw OHLC, not adjusted"
2023-05-03,37.869998931884766,38.630001068115234,37.72100067138672,37.81700134277344,7195000,"KLAC | yfinance | raw OHLC, not adjusted"
2023-05-04,37.81700134277344,37.87099838256836,36.965999603271484,37.323001861572266,7245000,"KLAC | yfinance | raw OHLC, not adjusted"
2023-05-05,38.15999984741211,38.81800079345703,37.95800018310547,38.566001892089844,8929000,"KLAC | yfinance | raw OHLC, not adjusted"
2023-05-08,38.62900161743164,38.72100067138672,38.1150016784668,38.35200119018555,6877000,"KLAC | yfinance | raw OHLC, not adjusted"
2023-05-09,37.933998107910156,38.12099838256836,37.44900131225586,37.57500076293945,7989000,"KLAC | yfinance | raw OHLC, not adjusted"
2023-05-10,38.099998474121094,38.83599853515625,38.04999923706055,38.63800048828125,8813000,"KLAC | yfinance | raw OHLC, not adjusted"
2023-05-11,38.58700180053711,38.965999603271484,38.18199920654297,38.65399932861328,7443000,"KLAC | yfinance | raw OHLC, not adjusted"
2023-05-12,38.80099868774414,39.07099914550781,38.28799819946289,38.696998596191406,6867000,"KLAC | yfinance | raw OHLC, not adjusted"
2023-05-15,38.895999908447266,40.47200012207031,38.58000183105469,40.40999984741211,12049000,"KLAC | yfinance | raw OHLC, not adjusted"
2023-05-16,40.35599899291992,41.32600021362305,40.35599899291992,40.88100051879883,12782000,"KLAC | yfinance | raw OHLC, not adjusted"
2023-05-17,41.13399887084961,42.05400085449219,40.87799835205078,41.68299865722656,11706000,"KLAC | yfinance | raw OHLC, not adjusted"
2023-05-18,41.6510009765625,42.939998626708984,41.6510009765625,42.856998443603516,11879000,"KLAC | yfinance | raw OHLC, not adjusted"
2023-05-19,42.900001525878906,42.94499969482422,42.209999084472656,42.36399841308594,10646000,"KLAC | yfinance | raw OHLC, not adjusted"
2023-05-22,41.98099899291992,42.6150016784668,41.88600158691406,42.08100128173828,6858000,"KLAC | yfinance | raw OHLC, not adjusted"
2023-05-23,41.75699996948242,42.08000183105469,41.43199920654297,41.46900177001953,7531000,"KLAC | yfinance | raw OHLC, not adjusted"
2023-05-24,40.685001373291016,41.047000885009766,40.47999954223633,40.88999938964844,8884000,"KLAC | yfinance | raw OHLC, not adjusted"
2023-05-25,41.81999969482422,43.630001068115234,41.8120002746582,43.42499923706055,16263000,"KLAC | yfinance | raw OHLC, not adjusted"
2023-05-26,43.5,46.5,43.446998596191406,46.11899948120117,21636000,"KLAC | yfinance | raw OHLC, not adjusted"
2023-05-30,46.78099822998047,47.39699935913086,45.36600112915039,45.87300109863281,12331000,"KLAC | yfinance | raw OHLC, not adjusted"
2023-05-31,44.8849983215332,45.551998138427734,44.22200012207031,44.29899978637695,17439000,"KLAC | yfinance | raw OHLC, not adjusted"
2023-06-01,44.540000915527344,45.573001861572266,43.720001220703125,45.25299835205078,12666000,"KLAC | yfinance | raw OHLC, not adjusted"
2023-06-02,45.45100021362305,45.867000579833984,44.51599884033203,45.805999755859375,12066000,"KLAC | yfinance | raw OHLC, not adjusted"
2023-06-05,45.63800048828125,46.14099884033203,45.141998291015625,45.80500030517578,10095000,"KLAC | yfinance | raw OHLC, not adjusted"
2023-06-06,45.10300064086914,46.46699905395508,44.70000076293945,46.099998474121094,11314000,"KLAC | yfinance | raw OHLC, not adjusted"
2023-06-07,46.39899826049805,47.29199981689453,46.0620002746582,46.375999450683594,10864000,"KLAC | yfinance | raw OHLC, not adjusted"
2023-06-08,46.46699905395508,47.5359992980957,46.402000427246094,47.38600158691406,9509000,"KLAC | yfinance | raw OHLC, not adjusted"
2023-06-09,47.57400131225586,47.79100036621094,46.49100112915039,46.564998626708984,10655000,"KLAC | yfinance | raw OHLC, not adjusted"
2023-06-12,46.89799880981445,47.62900161743164,46.60900115966797,47.542999267578125,11939000,"KLAC | yfinance | raw OHLC, not adjusted"
2023-06-13,48.0,48.220001220703125,47.244998931884766,47.98899841308594,7528000,"KLAC | yfinance | raw OHLC, not adjusted"
2023-06-14,47.18000030517578,48.1150016784668,47.1150016784668,48.05400085449219,9137000,"KLAC | yfinance | raw OHLC, not adjusted"
2023-06-15,47.52799987792969,47.70800018310547,47.05699920654297,47.257999420166016,10380000,"KLAC | yfinance | raw OHLC, not adjusted"
2023-06-16,47.327999114990234,47.500999450683594,46.310001373291016,46.48899841308594,20121000,"KLAC | yfinance | raw OHLC, not adjusted"
2023-06-20,46.63100051879883,47.02000045776367,46.03499984741211,46.44499969482422,8220000,"KLAC | yfinance | raw OHLC, not adjusted"
2023-06-21,46.09299850463867,46.44900131225586,45.542999267578125,45.643001556396484,8765000,"KLAC | yfinance | raw OHLC, not adjusted"
2023-06-22,45.30500030517578,46.78900146484375,45.29600143432617,46.737998962402344,7497000,"KLAC | yfinance | raw OHLC, not adjusted"
2023-06-23,45.75,45.994998931884766,45.45899963378906,45.69499969482422,8294000,"KLAC | yfinance | raw OHLC, not adjusted"
2023-06-26,45.810001373291016,46.834999084472656,45.810001373291016,45.85499954223633,6153000,"KLAC | yfinance | raw OHLC, not adjusted"
2023-06-27,46.02199935913086,47.862998962402344,46.02199935913086,47.69300079345703,8638000,"KLAC | yfinance | raw OHLC, not adjusted"
2023-06-28,47.04100036621094,47.75600051879883,46.95199966430664,47.44300079345703,7306000,"KLAC | yfinance | raw OHLC, not adjusted"
2023-06-29,47.917999267578125,47.939998626708984,47.257999420166016,47.722999572753906,5888000,"KLAC | yfinance | raw OHLC, not adjusted"
2023-06-30,48.27399826049805,48.82500076293945,48.119998931884766,48.50199890136719,9093000,"KLAC | yfinance | raw OHLC, not adjusted"
2023-07-03,48.50400161743164,48.840999603271484,47.73400115966797,48.481998443603516,4249000,"KLAC | yfinance | raw OHLC, not adjusted"
2023-07-05,47.529998779296875,47.959999084472656,46.70100021362305,46.79100036621094,11189000,"KLAC | yfinance | raw OHLC, not adjusted"
2023-07-06,46.29999923706055,46.505001068115234,45.36000061035156,46.15399932861328,12450000,"KLAC | yfinance | raw OHLC, not adjusted"
2023-07-07,45.590999603271484,46.59600067138672,45.40999984741211,45.58300018310547,9266000,"KLAC | yfinance | raw OHLC, not adjusted"
2023-07-10,45.63800048828125,46.9739990234375,45.63800048828125,46.76599884033203,9357000,"KLAC | yfinance | raw OHLC, not adjusted"
2023-07-11,46.78099822998047,46.78099822998047,45.15399932861328,45.948001861572266,6871000,"KLAC | yfinance | raw OHLC, not adjusted"
2023-07-12,46.641998291015625,46.744998931884766,45.981998443603516,46.606998443603516,8745000,"KLAC | yfinance | raw OHLC, not adjusted"
2023-07-13,47.12300109863281,47.757999420166016,46.89799880981445,47.582000732421875,8031000,"KLAC | yfinance | raw OHLC, not adjusted"
2023-07-14,47.816001892089844,48.180999755859375,47.17599868774414,47.479000091552734,8284000,"KLAC | yfinance | raw OHLC, not adjusted"
2023-07-17,47.64099884033203,49.35300064086914,47.61800003051758,49.03799819946289,8162000,"KLAC | yfinance | raw OHLC, not adjusted"
2023-07-18,48.448001861572266,48.62300109863281,47.7599983215332,48.40599822998047,8590000,"KLAC | yfinance | raw OHLC, not adjusted"
2023-07-19,48.29999923706055,48.472999572753906,46.875999450683594,47.058998107910156,11373000,"KLAC | yfinance | raw OHLC, not adjusted"
2023-07-20,45.86899948120117,45.981998443603516,44.89899826049805,45.0099983215332,18139000,"KLAC | yfinance | raw OHLC, not adjusted"
2023-07-21,45.69200134277344,46.21099853515625,45.35100173950195,45.85599899291992,26130000,"KLAC | yfinance | raw OHLC, not adjusted"
2023-07-24,45.749000549316406,46.26100158691406,45.612998962402344,46.097999572753906,7402000,"KLAC | yfinance | raw OHLC, not adjusted"
2023-07-25,46.319000244140625,47.03200149536133,46.30500030517578,46.611000061035156,7882000,"KLAC | yfinance | raw OHLC, not adjusted"
2023-07-26,45.939998626708984,46.310001373291016,45.29999923706055,45.78499984741211,8471000,"KLAC | yfinance | raw OHLC, not adjusted"
2023-07-27,47.5,49.52899932861328,47.5,48.23500061035156,19512000,"KLAC | yfinance | raw OHLC, not adjusted"
2023-07-28,50.0,51.349998474121094,48.81399917602539,51.10100173950195,20193000,"KLAC | yfinance | raw OHLC, not adjusted"
2023-07-31,51.20100021362305,51.676998138427734,50.62200164794922,51.39500045776367,10930000,"KLAC | yfinance | raw OHLC, not adjusted"
2023-08-01,51.39699935913086,51.72999954223633,51.0359992980957,51.428001403808594,8597000,"KLAC | yfinance | raw OHLC, not adjusted"
2023-08-02,50.459999084472656,50.66600036621094,49.474998474121094,49.957000732421875,13635000,"KLAC | yfinance | raw OHLC, not adjusted"
2023-08-03,49.72700119018555,50.409000396728516,49.11000061035156,50.233001708984375,8700000,"KLAC | yfinance | raw OHLC, not adjusted"
2023-08-04,50.10200119018555,50.35300064086914,49.25,49.64699935913086,7272000,"KLAC | yfinance | raw OHLC, not adjusted"
2023-08-07,50.0,50.744998931884766,49.89899826049805,50.64400100708008,7568000,"KLAC | yfinance | raw OHLC, not adjusted"
2023-08-08,50.03300094604492,50.10200119018555,49.159000396728516,49.86399841308594,11130000,"KLAC | yfinance | raw OHLC, not adjusted"
2023-08-09,50.06999969482422,50.1870002746582,49.41299819946289,49.44599914550781,8256000,"KLAC | yfinance | raw OHLC, not adjusted"
2023-08-10,50.00299835205078,50.83300018310547,49.308998107910156,49.62900161743164,9420000,"KLAC | yfinance | raw OHLC, not adjusted"
2023-08-11,49.000999450683594,49.012001037597656,47.805999755859375,47.89799880981445,8687000,"KLAC | yfinance | raw OHLC, not adjusted"
2023-08-14,47.45500183105469,49.19599914550781,47.39400100708008,49.0890007019043,12077000,"KLAC | yfinance | raw OHLC, not adjusted"
2023-08-15,48.67499923706055,48.79899978637695,48.196998596191406,48.35300064086914,6549000,"KLAC | yfinance | raw OHLC, not adjusted"
2023-08-16,48.4379997253418,48.801998138427734,47.35200119018555,47.400001525878906,8031000,"KLAC | yfinance | raw OHLC, not adjusted"
2023-08-17,47.60300064086914,48.02000045776367,47.22600173950195,47.29499816894531,8433000,"KLAC | yfinance | raw OHLC, not adjusted"
2023-08-18,46.941001892089844,48.1150016784668,46.8129997253418,47.79600143432617,7663000,"KLAC | yfinance | raw OHLC, not adjusted"
2023-08-21,47.87300109863281,49.24700164794922,47.87300109863281,49.07099914550781,8432000,"KLAC | yfinance | raw OHLC, not adjusted"
2023-08-22,49.529998779296875,49.619998931884766,48.38999938964844,48.672000885009766,5923000,"KLAC | yfinance | raw OHLC, not adjusted"
2023-08-23,48.902000427246094,49.7400016784668,48.558998107910156,49.43199920654297,8203000,"KLAC | yfinance | raw OHLC, not adjusted"
2023-08-24,50.07500076293945,50.33000183105469,47.5359992980957,47.63999938964844,12457000,"KLAC | yfinance | raw OHLC, not adjusted"
2023-08-25,47.650001525878906,48.382999420166016,47.0099983215332,48.17300033569336,11046000,"KLAC | yfinance | raw OHLC, not adjusted"
2023-08-28,48.4370002746582,48.93199920654297,48.165000915527344,48.64899826049805,5982000,"KLAC | yfinance | raw OHLC, not adjusted"
2023-08-29,48.33300018310547,50.099998474121094,48.21699905395508,49.78799819946289,8318000,"KLAC | yfinance | raw OHLC, not adjusted"
2023-08-30,49.8380012512207,50.09600067138672,49.10100173950195,49.83000183105469,6581000,"KLAC | yfinance | raw OHLC, not adjusted"
2023-08-31,49.51499938964844,50.56100082397461,49.38999938964844,50.1870002746582,9149000,"KLAC | yfinance | raw OHLC, not adjusted"
2023-09-01,50.358001708984375,50.87300109863281,49.84299850463867,50.70199966430664,6572000,"KLAC | yfinance | raw OHLC, not adjusted"
2023-09-05,50.70100021362305,51.698001861572266,50.34400177001953,51.255001068115234,7809000,"KLAC | yfinance | raw OHLC, not adjusted"
2023-09-06,50.935001373291016,52.01900100708008,50.67100143432617,51.34700012207031,7146000,"KLAC | yfinance | raw OHLC, not adjusted"
2023-09-07,50.327999114990234,50.327999114990234,48.81700134277344,49.71799850463867,12699000,"KLAC | yfinance | raw OHLC, not adjusted"
2023-09-08,49.500999450683594,49.85499954223633,49.4010009765625,49.77299880981445,8689000,"KLAC | yfinance | raw OHLC, not adjusted"
2023-09-11,50.43899917602539,50.64699935913086,48.55400085449219,49.41600036621094,9011000,"KLAC | yfinance | raw OHLC, not adjusted"
2023-09-12,48.80699920654297,49.560001373291016,48.483001708984375,48.58000183105469,8055000,"KLAC | yfinance | raw OHLC, not adjusted"
2023-09-13,48.39799880981445,49.125999450683594,48.237998962402344,48.36000061035156,8374000,"KLAC | yfinance | raw OHLC, not adjusted"
2023-09-14,48.85900115966797,49.0,47.92399978637695,47.9900016784668,8992000,"KLAC | yfinance | raw OHLC, not adjusted"
2023-09-15,47.2239990234375,47.266998291015625,45.132999420166016,45.422000885009766,28314000,"KLAC | yfinance | raw OHLC, not adjusted"
2023-09-18,45.542999267578125,46.09600067138672,45.20000076293945,45.6510009765625,11784000,"KLAC | yfinance | raw OHLC, not adjusted"
2023-09-19,45.65800094604492,45.87200164794922,45.165000915527344,45.73099899291992,6635000,"KLAC | yfinance | raw OHLC, not adjusted"
2023-09-20,46.0,46.20000076293945,45.191001892089844,45.21799850463867,7098000,"KLAC | yfinance | raw OHLC, not adjusted"
2023-09-21,44.599998474121094,45.04399871826172,44.45500183105469,44.69200134277344,10551000,"KLAC | yfinance | raw OHLC, not adjusted"
2023-09-22,45.1510009765625,45.875999450683594,45.073001861572266,45.18199920654297,8008000,"KLAC | yfinance | raw OHLC, not adjusted"
2023-09-25,44.89899826049805,45.63199996948242,44.70100021362305,45.53900146484375,6305000,"KLAC | yfinance | raw OHLC, not adjusted"
2023-09-26,45.04499816894531,45.16400146484375,44.26900100708008,44.51599884033203,10082000,"KLAC | yfinance | raw OHLC, not adjusted"
2023-09-27,45.0099983215332,45.1619987487793,44.01499938964844,44.555999755859375,10596000,"KLAC | yfinance | raw OHLC, not adjusted"
2023-09-28,44.46900177001953,46.30099868774414,44.37099838256836,45.808998107910156,8518000,"KLAC | yfinance | raw OHLC, not adjusted"
2023-09-29,46.665000915527344,46.92300033569336,45.779998779296875,45.86600112915039,8154000,"KLAC | yfinance | raw OHLC, not adjusted"
2023-10-02,45.90999984741211,46.60900115966797,45.49300003051758,46.0629997253418,7165000,"KLAC | yfinance | raw OHLC, not adjusted"
2023-10-03,45.566001892089844,46.35200119018555,44.83100128173828,45.183998107910156,7588000,"KLAC | yfinance | raw OHLC, not adjusted"
2023-10-04,45.5260009765625,46.202999114990234,45.233001708984375,46.10499954223633,7484000,"KLAC | yfinance | raw OHLC, not adjusted"
2023-10-05,46.13100051879883,46.457000732421875,45.617000579833984,46.108001708984375,8819000,"KLAC | yfinance | raw OHLC, not adjusted"
2023-10-06,45.595001220703125,47.11399841308594,44.935001373291016,46.80500030517578,9959000,"KLAC | yfinance | raw OHLC, not adjusted"
2023-10-09,46.25400161743164,46.76499938964844,45.900001525878906,46.676998138427734,6346000,"KLAC | yfinance | raw OHLC, not adjusted"
2023-10-10,46.90800094604492,47.7599983215332,46.71200180053711,47.41400146484375,8393000,"KLAC | yfinance | raw OHLC, not adjusted"
2023-10-11,47.67499923706055,48.319000244140625,47.58700180053711,48.26300048828125,9130000,"KLAC | yfinance | raw OHLC, not adjusted"
2023-10-12,48.5,50.69200134277344,48.5,50.111000061035156,14288000,"KLAC | yfinance | raw OHLC, not adjusted"
2023-10-13,50.111000061035156,50.46500015258789,48.452999114990234,48.680999755859375,11571000,"KLAC | yfinance | raw OHLC, not adjusted"
2023-10-16,48.680999755859375,49.49700164794922,48.52000045776367,49.12099838256836,8060000,"KLAC | yfinance | raw OHLC, not adjusted"
2023-10-17,48.39400100708008,48.75699996948242,47.3120002746582,48.6349983215332,7774000,"KLAC | yfinance | raw OHLC, not adjusted"
2023-10-18,47.84700012207031,48.29999923706055,47.05799865722656,47.939998626708984,8004000,"KLAC | yfinance | raw OHLC, not adjusted"
2023-10-19,48.59400177001953,48.59400177001953,46.20800018310547,46.505001068115234,12454000,"KLAC | yfinance | raw OHLC, not adjusted"
2023-10-20,46.505001068115234,47.08399963378906,46.14799880981445,46.24399948120117,9146000,"KLAC | yfinance | raw OHLC, not adjusted"
2023-10-23,45.900001525878906,46.90800094604492,45.507999420166016,46.25600051879883,6201000,"KLAC | yfinance | raw OHLC, not adjusted"
2023-10-24,46.79899978637695,47.23400115966797,46.35900115966797,47.0260009765625,8555000,"KLAC | yfinance | raw OHLC, not adjusted"
2023-10-25,46.4010009765625,46.72100067138672,45.244998931884766,45.48400115966797,15151000,"KLAC | yfinance | raw OHLC, not adjusted"
2023-10-26,45.86399841308594,47.84400177001953,45.20100021362305,45.82400131225586,15891000,"KLAC | yfinance | raw OHLC, not adjusted"
2023-10-27,45.8650016784668,46.42300033569336,45.5,45.792999267578125,7462000,"KLAC | yfinance | raw OHLC, not adjusted"
2023-10-30,45.82699966430664,46.323001861572266,45.202999114990234,45.95399856567383,6880000,"KLAC | yfinance | raw OHLC, not adjusted"
2023-10-31,45.970001220703125,47.44300079345703,45.349998474121094,46.970001220703125,13153000,"KLAC | yfinance | raw OHLC, not adjusted"
2023-11-01,47.229000091552734,47.72200012207031,46.57699966430664,47.65299987792969,12389000,"KLAC | yfinance | raw OHLC, not adjusted"
2023-11-02,48.862998962402344,49.340999603271484,48.43299865722656,48.933998107910156,12548000,"KLAC | yfinance | raw OHLC, not adjusted"
2023-11-03,49.41899871826172,50.347999572753906,49.36000061035156,49.96200180053711,7608000,"KLAC | yfinance | raw OHLC, not adjusted"
2023-11-06,50.08000183105469,50.367000579833984,49.5099983215332,49.88600158691406,7059000,"KLAC | yfinance | raw OHLC, not adjusted"
2023-11-07,49.930999755859375,50.73899841308594,49.856998443603516,50.3120002746582,6114000,"KLAC | yfinance | raw OHLC, not adjusted"
2023-11-08,50.54199981689453,51.167999267578125,50.465999603271484,51.11600112915039,8812000,"KLAC | yfinance | raw OHLC, not adjusted"
2023-11-09,51.13399887084961,52.099998474121094,50.54999923706055,50.638999938964844,10198000,"KLAC | yfinance | raw OHLC, not adjusted"
2023-11-10,51.60499954223633,53.61399841308594,51.20199966430664,53.42499923706055,12950000,"KLAC | yfinance | raw OHLC, not adjusted"
2023-11-13,53.0,53.19900131225586,52.40299987792969,52.82500076293945,10452000,"KLAC | yfinance | raw OHLC, not adjusted"
2023-11-14,54.07899856567383,54.625,53.426998138427734,54.54399871826172,11304000,"KLAC | yfinance | raw OHLC, not adjusted"
2023-11-15,54.888999938964844,55.06700134277344,54.15800094604492,54.540000915527344,8813000,"KLAC | yfinance | raw OHLC, not adjusted"
2023-11-16,54.47999954223633,55.02899932861328,54.380001068115234,54.53900146484375,11938000,"KLAC | yfinance | raw OHLC, not adjusted"
2023-11-17,53.176998138427734,54.62099838256836,52.97600173950195,54.45399856567383,13156000,"KLAC | yfinance | raw OHLC, not adjusted"
2023-11-20,54.220001220703125,55.94200134277344,54.220001220703125,55.775001525878906,8174000,"KLAC | yfinance | raw OHLC, not adjusted"
2023-11-21,55.5369987487793,55.59400177001953,54.75400161743164,55.069000244140625,9103000,"KLAC | yfinance | raw OHLC, not adjusted"
2023-11-22,55.63199996948242,56.284000396728516,54.99800109863281,55.41699981689453,5944000,"KLAC | yfinance | raw OHLC, not adjusted"
2023-11-24,55.24700164794922,55.72200012207031,55.14699935913086,55.56399917602539,3065000,"KLAC | yfinance | raw OHLC, not adjusted"
2023-11-27,55.53300094604492,56.20000076293945,55.33000183105469,55.69499969482422,5884000,"KLAC | yfinance | raw OHLC, not adjusted"
2023-11-28,54.91600036621094,55.459999084472656,54.3849983215332,54.7140007019043,9655000,"KLAC | yfinance | raw OHLC, not adjusted"
2023-11-29,55.637001037597656,55.75,54.26100158691406,54.40700149536133,12775000,"KLAC | yfinance | raw OHLC, not adjusted"
2023-11-30,54.4119987487793,54.76599884033203,53.676998138427734,54.46200180053711,22085000,"KLAC | yfinance | raw OHLC, not adjusted"
2023-12-01,54.32400131225586,55.02299880981445,54.055999755859375,54.900001525878906,6199000,"KLAC | yfinance | raw OHLC, not adjusted"
2023-12-04,54.31999969482422,54.54999923706055,52.80500030517578,53.95899963378906,8893000,"KLAC | yfinance | raw OHLC, not adjusted"
2023-12-05,53.229000091552734,53.73699951171875,52.71099853515625,53.722999572753906,5789000,"KLAC | yfinance | raw OHLC, not adjusted"
2023-12-06,54.45399856567383,54.558998107910156,52.74399948120117,52.861000061035156,7667000,"KLAC | yfinance | raw OHLC, not adjusted"
2023-12-07,53.50899887084961,54.33100128173828,53.00699996948242,54.12300109863281,6795000,"KLAC | yfinance | raw OHLC, not adjusted"
2023-12-08,53.553001403808594,53.917999267578125,53.20000076293945,53.44300079345703,10381000,"KLAC | yfinance | raw OHLC, not adjusted"
2023-12-11,54.555999755859375,56.361000061035156,54.27000045776367,55.92100143432617,11347000,"KLAC | yfinance | raw OHLC, not adjusted"
2023-12-12,55.81999969482422,56.44599914550781,55.816001892089844,56.10499954223633,8718000,"KLAC | yfinance | raw OHLC, not adjusted"
2023-12-13,56.209999084472656,57.35599899291992,55.8849983215332,57.06999969482422,7838000,"KLAC | yfinance | raw OHLC, not adjusted"
2023-12-14,57.505001068115234,58.6349983215332,57.505001068115234,58.242000579833984,14991000,"KLAC | yfinance | raw OHLC, not adjusted"
2023-12-15,58.5,59.01499938964844,58.191001892089844,58.51300048828125,13877000,"KLAC | yfinance | raw OHLC, not adjusted"
2023-12-18,59.1510009765625,59.29999923706055,57.555999755859375,57.67300033569336,9284000,"KLAC | yfinance | raw OHLC, not adjusted"
2023-12-19,57.986000061035156,58.30099868774414,57.70000076293945,57.81100082397461,8778000,"KLAC | yfinance | raw OHLC, not adjusted"
2023-12-20,57.20500183105469,57.849998474121094,56.26900100708008,56.33000183105469,10362000,"KLAC | yfinance | raw OHLC, not adjusted"
2023-12-21,57.54999923706055,58.21500015258789,57.25199890136719,58.04499816894531,6404000,"KLAC | yfinance | raw OHLC, not adjusted"
2023-12-22,57.970001220703125,58.5,57.84600067138672,58.26499938964844,4096000,"KLAC | yfinance | raw OHLC, not adjusted"
2023-12-26,58.689998626708984,59.39099884033203,58.617000579833984,59.137001037597656,6547000,"KLAC | yfinance | raw OHLC, not adjusted"
2023-12-27,59.41699981689453,59.48899841308594,58.84400177001953,59.14699935913086,5869000,"KLAC | yfinance | raw OHLC, not adjusted"
2023-12-28,59.709999084472656,59.74300003051758,58.597999572753906,58.62699890136719,5141000,"KLAC | yfinance | raw OHLC, not adjusted"
2023-12-29,58.47800064086914,58.66999816894531,57.70199966430664,58.130001068115234,5129000,"KLAC | yfinance | raw OHLC, not adjusted"
2024-01-02,57.32099914550781,57.32099914550781,55.3650016784668,56.03900146484375,9675000,"KLAC | yfinance | raw OHLC, not adjusted"
2024-01-03,55.20000076293945,55.82500076293945,55.0,55.25899887084961,8191000,"KLAC | yfinance | raw OHLC, not adjusted"
2024-01-04,54.638999938964844,55.4900016784668,54.48099899291992,54.64400100708008,8599000,"KLAC | yfinance | raw OHLC, not adjusted"
2024-01-05,54.81100082397461,55.1349983215332,54.24100112915039,54.430999755859375,7670000,"KLAC | yfinance | raw OHLC, not adjusted"
2024-01-08,54.90599822998047,56.5890007019043,54.8849983215332,56.236000061035156,12681000,"KLAC | yfinance | raw OHLC, not adjusted"
2024-01-09,55.5,56.16699981689453,55.11000061035156,55.63399887084961,8103000,"KLAC | yfinance | raw OHLC, not adjusted"
2024-01-10,55.89500045776367,55.89500045776367,54.98699951171875,55.60900115966797,7935000,"KLAC | yfinance | raw OHLC, not adjusted"
2024-01-11,55.70000076293945,56.54100036621094,54.9630012512207,56.2140007019043,6506000,"KLAC | yfinance | raw OHLC, not adjusted"
2024-01-12,56.39799880981445,56.44200134277344,55.71900177001953,56.06100082397461,6174000,"KLAC | yfinance | raw OHLC, not adjusted"
2024-01-16,55.9119987487793,56.95899963378906,55.775001525878906,56.680999755859375,9622000,"KLAC | yfinance | raw OHLC, not adjusted"
2024-01-17,56.400001525878906,56.400001525878906,55.28499984741211,56.25,7411000,"KLAC | yfinance | raw OHLC, not adjusted"
2024-01-18,57.93000030517578,59.19900131225586,57.70000076293945,59.0,14453000,"KLAC | yfinance | raw OHLC, not adjusted"
2024-01-19,59.54199981689453,61.698001861572266,59.303001403808594,61.29899978637695,13350000,"KLAC | yfinance | raw OHLC, not adjusted"
2024-01-22,61.85300064086914,62.82899856567383,61.7599983215332,62.310001373291016,9676000,"KLAC | yfinance | raw OHLC, not adjusted"
2024-01-23,61.87900161743164,62.297000885009766,61.0369987487793,61.93299865722656,8957000,"KLAC | yfinance | raw OHLC, not adjusted"
2024-01-24,63.57600021362305,64.61299896240234,62.72999954223633,63.845001220703125,10835000,"KLAC | yfinance | raw OHLC, not adjusted"
2024-01-25,65.1500015258789,65.87799835205078,63.915000915527344,64.16899871826172,17168000,"KLAC | yfinance | raw OHLC, not adjusted"
2024-01-26,62.400001525878906,62.59199905395508,59.62099838256836,59.9370002746582,21954000,"KLAC | yfinance | raw OHLC, not adjusted"
2024-01-29,59.64899826049805,60.220001220703125,59.45600128173828,60.007999420166016,10606000,"KLAC | yfinance | raw OHLC, not adjusted"
2024-01-30,59.50199890136719,60.20100021362305,59.45100021362305,59.53499984741211,10365000,"KLAC | yfinance | raw OHLC, not adjusted"
2024-01-31,58.77399826049805,60.19900131225586,58.16999816894531,59.40399932861328,10812000,"KLAC | yfinance | raw OHLC, not adjusted"
2024-02-01,59.87799835205078,60.20399856567383,59.4640007019043,59.90999984741211,8901000,"KLAC | yfinance | raw OHLC, not adjusted"
2024-02-02,59.525001525878906,60.76300048828125,59.30099868774414,60.43199920654297,8543000,"KLAC | yfinance | raw OHLC, not adjusted"
2024-02-05,60.733001708984375,61.50899887084961,60.05400085449219,61.487998962402344,9030000,"KLAC | yfinance | raw OHLC, not adjusted"
2024-02-06,61.637001037597656,61.637001037597656,59.58599853515625,60.1619987487793,10277000,"KLAC | yfinance | raw OHLC, not adjusted"
2024-02-07,60.939998626708984,61.25,59.86800003051758,60.88999938964844,8577000,"KLAC | yfinance | raw OHLC, not adjusted"
2024-02-08,60.88999938964844,62.47999954223633,60.81700134277344,61.8489990234375,7332000,"KLAC | yfinance | raw OHLC, not adjusted"
2024-02-09,62.915000915527344,65.1259994506836,62.85499954223633,64.9800033569336,12464000,"KLAC | yfinance | raw OHLC, not adjusted"
2024-02-12,64.61000061035156,65.75599670410156,64.52200317382812,64.80500030517578,12332000,"KLAC | yfinance | raw OHLC, not adjusted"
2024-02-13,62.81700134277344,64.9469985961914,62.54999923706055,64.10700225830078,14994000,"KLAC | yfinance | raw OHLC, not adjusted"
2024-02-14,65.0,66.18699645996094,64.77799987792969,65.38400268554688,11750000,"KLAC | yfinance | raw OHLC, not adjusted"
2024-02-15,65.5,66.18199920654297,65.05000305175781,65.23799896240234,10254000,"KLAC | yfinance | raw OHLC, not adjusted"
2024-02-16,66.6989974975586,67.74700164794922,65.75599670410156,66.13500213623047,10604000,"KLAC | yfinance | raw OHLC, not adjusted"
2024-02-20,65.45099639892578,66.0989990234375,64.47000122070312,65.177001953125,12628000,"KLAC | yfinance | raw OHLC, not adjusted"
2024-02-21,64.51699829101562,65.20700073242188,63.91699981689453,65.19200134277344,7454000,"KLAC | yfinance | raw OHLC, not adjusted"
2024-02-22,67.56600189208984,68.76899719238281,67.28500366210938,68.37699890136719,10778000,"KLAC | yfinance | raw OHLC, not adjusted"
2024-02-23,68.30000305175781,68.75700378417969,66.8030014038086,66.88200378417969,5979000,"KLAC | yfinance | raw OHLC, not adjusted"
2024-02-26,67.56199645996094,68.677001953125,67.39900207519531,68.38200378417969,6498000,"KLAC | yfinance | raw OHLC, not adjusted"
2024-02-27,67.9990005493164,68.47000122070312,67.66699981689453,67.75800323486328,7174000,"KLAC | yfinance | raw OHLC, not adjusted"
2024-02-28,66.7699966430664,67.56300354003906,66.7699966430664,67.30000305175781,6226000,"KLAC | yfinance | raw OHLC, not adjusted"
2024-02-29,68.24400329589844,68.41000366210938,67.48400115966797,68.2300033569336,9989000,"KLAC | yfinance | raw OHLC, not adjusted"
2024-03-01,68.8280029296875,71.9219970703125,68.82499694824219,71.75700378417969,11249000,"KLAC | yfinance | raw OHLC, not adjusted"
2024-03-04,72.4749984741211,72.80000305175781,71.64299774169922,71.78099822998047,7514000,"KLAC | yfinance | raw OHLC, not adjusted"
2024-03-05,71.23300170898438,71.62200164794922,69.78099822998047,70.58699798583984,11073000,"KLAC | yfinance | raw OHLC, not adjusted"
2024-03-06,71.177001953125,72.14700317382812,70.60399627685547,71.5459976196289,10637000,"KLAC | yfinance | raw OHLC, not adjusted"
2024-03-07,71.9280014038086,72.91500091552734,71.9280014038086,72.32599639892578,10591000,"KLAC | yfinance | raw OHLC, not adjusted"
2024-03-08,72.28099822998047,72.4469985961914,69.9209976196289,69.9209976196289,11219000,"KLAC | yfinance | raw OHLC, not adjusted"
2024-03-11,69.00499725341797,69.14299774169922,67.51100158691406,68.53800201416016,10376000,"KLAC | yfinance | raw OHLC, not adjusted"
2024-03-12,69.1719970703125,69.88500213623047,68.33499908447266,69.83999633789062,8756000,"KLAC | yfinance | raw OHLC, not adjusted"
2024-03-13,69.05999755859375,69.56600189208984,68.21700286865234,68.87100219726562,11553000,"KLAC | yfinance | raw OHLC, not adjusted"
2024-03-14,69.84600067138672,70.0999984741211,68.7770004272461,69.23300170898438,9341000,"KLAC | yfinance | raw OHLC, not adjusted"
2024-03-15,68.68299865722656,69.18900299072266,67.97100067138672,68.38999938964844,16694000,"KLAC | yfinance | raw OHLC, not adjusted"
2024-03-18,69.63300323486328,70.51699829101562,68.927001953125,69.06999969482422,7979000,"KLAC | yfinance | raw OHLC, not adjusted"
2024-03-19,67.77999877929688,68.5999984741211,66.87000274658203,68.10600280761719,8885000,"KLAC | yfinance | raw OHLC, not adjusted"
2024-03-20,68.01599884033203,69.82099914550781,67.35700225830078,69.59500122070312,9044000,"KLAC | yfinance | raw OHLC, not adjusted"
2024-03-21,71.68900299072266,72.76399993896484,71.15299987792969,71.31300354003906,7582000,"KLAC | yfinance | raw OHLC, not adjusted"
2024-03-22,70.64299774169922,71.8290023803711,70.52100372314453,71.05599975585938,4127000,"KLAC | yfinance | raw OHLC, not adjusted"
2024-03-25,69.78500366210938,70.80999755859375,69.58599853515625,69.9729995727539,4932000,"KLAC | yfinance | raw OHLC, not adjusted"
2024-03-26,70.50399780273438,70.73999786376953,68.75700378417969,68.84200286865234,8651000,"KLAC | yfinance | raw OHLC, not adjusted"
2024-03-27,69.23999786376953,69.7699966430664,68.19100189208984,69.68699645996094,9763000,"KLAC | yfinance | raw OHLC, not adjusted"
2024-03-28,69.68699645996094,69.98200225830078,69.0009994506836,69.85700225830078,10809000,"KLAC | yfinance | raw OHLC, not adjusted"
2024-04-01,70.0,71.81800079345703,69.9749984741211,71.08799743652344,7722000,"KLAC | yfinance | raw OHLC, not adjusted"
2024-04-02,69.4229965209961,69.72599792480469,68.61000061035156,69.39299774169922,9508000,"KLAC | yfinance | raw OHLC, not adjusted"
2024-04-03,69.01799774169922,70.71299743652344,68.6989974975586,69.75299835205078,7824000,"KLAC | yfinance | raw OHLC, not adjusted"
2024-04-04,70.62799835205078,70.78500366210938,66.84300231933594,67.2750015258789,11029000,"KLAC | yfinance | raw OHLC, not adjusted"
2024-04-05,67.40699768066406,68.88300323486328,67.40699768066406,68.28399658203125,7909000,"KLAC | yfinance | raw OHLC, not adjusted"
2024-04-08,68.83499908447266,69.24199676513672,67.8489990234375,69.08200073242188,5183000,"KLAC | yfinance | raw OHLC, not adjusted"
2024-04-09,70.0,70.0,68.27100372314453,69.68299865722656,7088000,"KLAC | yfinance | raw OHLC, not adjusted"
2024-04-10,68.58999633789062,69.5,68.4209976196289,68.71199798583984,6100000,"KLAC | yfinance | raw OHLC, not adjusted"
2024-04-11,69.48300170898438,70.16300201416016,68.78500366210938,70.06099700927734,8315000,"KLAC | yfinance | raw OHLC, not adjusted"
2024-04-12,68.44400024414062,68.927001953125,67.74199676513672,68.0780029296875,8108000,"KLAC | yfinance | raw OHLC, not adjusted"
2024-04-15,68.98799896240234,69.87000274658203,67.25299835205078,67.8489990234375,8861000,"KLAC | yfinance | raw OHLC, not adjusted"
2024-04-16,67.8489990234375,69.69200134277344,67.8489990234375,69.33100128173828,9224000,"KLAC | yfinance | raw OHLC, not adjusted"
2024-04-17,68.177001953125,68.48500061035156,65.78299713134766,65.89800262451172,11931000,"KLAC | yfinance | raw OHLC, not adjusted"
2024-04-18,65.5790023803711,65.84100341796875,64.19999694824219,64.4219970703125,9031000,"KLAC | yfinance | raw OHLC, not adjusted"
2024-04-19,64.62000274658203,64.77100372314453,62.31700134277344,62.816001892089844,10729000,"KLAC | yfinance | raw OHLC, not adjusted"
2024-04-22,63.53499984741211,63.87300109863281,62.53300094604492,63.36399841308594,9243000,"KLAC | yfinance | raw OHLC, not adjusted"
2024-04-23,63.604000091552734,65.4000015258789,63.58300018310547,64.82099914550781,7101000,"KLAC | yfinance | raw OHLC, not adjusted"
2024-04-24,65.97799682617188,66.81800079345703,64.76000213623047,65.65399932861328,8734000,"KLAC | yfinance | raw OHLC, not adjusted"
2024-04-25,65.697998046875,67.77200317382812,65.0009994506836,67.29499816894531,10658000,"KLAC | yfinance | raw OHLC, not adjusted"
2024-04-26,68.30000305175781,71.0260009765625,67.88099670410156,70.6259994506836,11935000,"KLAC | yfinance | raw OHLC, not adjusted"
2024-04-29,70.64099884033203,71.5979995727539,70.03900146484375,71.39299774169922,9316000,"KLAC | yfinance | raw OHLC, not adjusted"
2024-04-30,71.16400146484375,71.77300262451172,68.8290023803711,68.92900085449219,9022000,"KLAC | yfinance | raw OHLC, not adjusted"
2024-05-01,68.0469970703125,69.1729965209961,66.25,66.60399627685547,12731000,"KLAC | yfinance | raw OHLC, not adjusted"
2024-05-02,67.56400299072266,68.30000305175781,66.41899871826172,68.20500183105469,6752000,"KLAC | yfinance | raw OHLC, not adjusted"
2024-05-03,69.5,70.40599822998047,69.11000061035156,69.65899658203125,8199000,"KLAC | yfinance | raw OHLC, not adjusted"
2024-05-06,69.91600036621094,71.87000274658203,69.80999755859375,71.83799743652344,8736000,"KLAC | yfinance | raw OHLC, not adjusted"
2024-05-07,71.66300201416016,72.33799743652344,71.15699768066406,71.43800354003906,7827000,"KLAC | yfinance | raw OHLC, not adjusted"
2024-05-08,70.99199676513672,71.76000213623047,70.60299682617188,71.71499633789062,6729000,"KLAC | yfinance | raw OHLC, not adjusted"
2024-05-09,71.87699890136719,72.0,70.90299987792969,71.06700134277344,9760000,"KLAC | yfinance | raw OHLC, not adjusted"
2024-05-10,72.0,72.80000305175781,71.30599975585938,71.8270034790039,4488000,"KLAC | yfinance | raw OHLC, not adjusted"
2024-05-13,72.0,72.0,71.15599822998047,71.41500091552734,5541000,"KLAC | yfinance | raw OHLC, not adjusted"
2024-05-14,70.7249984741211,73.1729965209961,70.51799774169922,72.99199676513672,8840000,"KLAC | yfinance | raw OHLC, not adjusted"
2024-05-15,73.79399871826172,76.03199768066406,73.48799896240234,75.97200012207031,8503000,"KLAC | yfinance | raw OHLC, not adjusted"
2024-05-16,76.0,76.39299774169922,74.91300201416016,74.947998046875,7512000,"KLAC | yfinance | raw OHLC, not adjusted"
2024-05-17,75.64700317382812,75.85700225830078,73.96499633789062,74.76799774169922,5859000,"KLAC | yfinance | raw OHLC, not adjusted"
2024-05-20,75.18800354003906,77.84400177001953,75.10199737548828,77.27999877929688,7636000,"KLAC | yfinance | raw OHLC, not adjusted"
2024-05-21,76.0,76.99600219726562,75.86499786376953,76.51399993896484,7036000,"KLAC | yfinance | raw OHLC, not adjusted"
2024-05-22,77.03800201416016,77.2969970703125,76.26899719238281,77.1709976196289,7695000,"KLAC | yfinance | raw OHLC, not adjusted"
2024-05-23,78.85800170898438,79.052001953125,76.15599822998047,76.51000213623047,8289000,"KLAC | yfinance | raw OHLC, not adjusted"
2024-05-24,77.41699981689453,78.31099700927734,76.90499877929688,77.90599822998047,5484000,"KLAC | yfinance | raw OHLC, not adjusted"
2024-05-28,78.552001953125,79.19599914550781,77.59400177001953,78.61399841308594,6011000,"KLAC | yfinance | raw OHLC, not adjusted"
2024-05-29,76.822998046875,78.00700378417969,76.51000213623047,77.23600006103516,8550000,"KLAC | yfinance | raw OHLC, not adjusted"
2024-05-30,76.89399719238281,77.65699768066406,76.61100006103516,77.01300048828125,7121000,"KLAC | yfinance | raw OHLC, not adjusted"
2024-05-31,77.0719985961914,77.62899780273438,73.69000244140625,75.9530029296875,16848000,"KLAC | yfinance | raw OHLC, not adjusted"
2024-06-03,77.14800262451172,77.16400146484375,73.55599975585938,75.41500091552734,5151000,"KLAC | yfinance | raw OHLC, not adjusted"
2024-06-04,75.0479965209961,75.62999725341797,74.02200317382812,75.05599975585938,4745000,"KLAC | yfinance | raw OHLC, not adjusted"
2024-06-05,77.03900146484375,78.75399780273438,76.20999908447266,78.49700164794922,9432000,"KLAC | yfinance | raw OHLC, not adjusted"
2024-06-06,78.03299713134766,78.73200225830078,77.22100067138672,77.9260025024414,7221000,"KLAC | yfinance | raw OHLC, not adjusted"
2024-06-07,78.75,78.79100036621094,76.39700317382812,76.89700317382812,7360000,"KLAC | yfinance | raw OHLC, not adjusted"
2024-06-10,76.11000061035156,79.5979995727539,76.11000061035156,79.43800354003906,6499000,"KLAC | yfinance | raw OHLC, not adjusted"
2024-06-11,79.33200073242188,79.86599731445312,78.19200134277344,79.81600189208984,5900000,"KLAC | yfinance | raw OHLC, not adjusted"
2024-06-12,80.68800354003906,83.15399932861328,80.44400024414062,82.78099822998047,8073000,"KLAC | yfinance | raw OHLC, not adjusted"
2024-06-13,81.60199737548828,83.29900360107422,81.50700378417969,83.00299835205078,5464000,"KLAC | yfinance | raw OHLC, not adjusted"
2024-06-14,81.5,82.65399932861328,81.5,82.48400115966797,4747000,"KLAC | yfinance | raw OHLC, not adjusted"
2024-06-17,82.64099884033203,85.16799926757812,82.09500122070312,84.88800048828125,7378000,"KLAC | yfinance | raw OHLC, not adjusted"
2024-06-18,84.9000015258789,87.65499877929688,84.6989974975586,86.33100128173828,8780000,"KLAC | yfinance | raw OHLC, not adjusted"
2024-06-20,86.33699798583984,86.41899871826172,82.65499877929688,82.95899963378906,12819000,"KLAC | yfinance | raw OHLC, not adjusted"
2024-06-21,83.00299835205078,83.53399658203125,81.32499694824219,81.65499877929688,19194000,"KLAC | yfinance | raw OHLC, not adjusted"
2024-06-24,81.37699890136719,81.5510025024414,79.23699951171875,79.39800262451172,8944000,"KLAC | yfinance | raw OHLC, not adjusted"
2024-06-25,80.08699798583984,82.02400207519531,79.14199829101562,81.80400085449219,9344000,"KLAC | yfinance | raw OHLC, not adjusted"
2024-06-26,81.43800354003906,82.69000244140625,79.92500305175781,81.33000183105469,7126000,"KLAC | yfinance | raw OHLC, not adjusted"
2024-06-27,81.9469985961914,82.6449966430664,80.67900085449219,81.48699951171875,5103000,"KLAC | yfinance | raw OHLC, not adjusted"
2024-06-28,82.64399719238281,84.14099884033203,81.83999633789062,82.45099639892578,8494000,"KLAC | yfinance | raw OHLC, not adjusted"
2024-07-01,82.31900024414062,82.89399719238281,80.78299713134766,82.77899932861328,4807000,"KLAC | yfinance | raw OHLC, not adjusted"
2024-07-02,81.94000244140625,83.99700164794922,81.80000305175781,83.91100311279297,5369000,"KLAC | yfinance | raw OHLC, not adjusted"
2024-07-03,83.99400329589844,85.96600341796875,83.59200286865234,85.33300018310547,4408000,"KLAC | yfinance | raw OHLC, not adjusted"
2024-07-05,85.53399658203125,85.90699768066406,84.70700073242188,85.52100372314453,4612000,"KLAC | yfinance | raw OHLC, not adjusted"
2024-07-08,85.71199798583984,86.90599822998047,85.45500183105469,86.65499877929688,4386000,"KLAC | yfinance | raw OHLC, not adjusted"
2024-07-09,87.26000213623047,87.98899841308594,86.31900024414062,87.48999786376953,4094000,"KLAC | yfinance | raw OHLC, not adjusted"
2024-07-10,87.78500366210938,89.47699737548828,87.05000305175781,89.23500061035156,6643000,"KLAC | yfinance | raw OHLC, not adjusted"
2024-07-11,89.63200378417969,89.63200378417969,85.21600341796875,85.29499816894531,8750000,"KLAC | yfinance | raw OHLC, not adjusted"
2024-07-12,85.38500213623047,87.9540023803711,84.5,85.77200317382812,6552000,"KLAC | yfinance | raw OHLC, not adjusted"
2024-07-15,85.85199737548828,87.68499755859375,85.35800170898438,85.81199645996094,6373000,"KLAC | yfinance | raw OHLC, not adjusted"
2024-07-16,86.13099670410156,86.87999725341797,85.10399627685547,86.71800231933594,6274000,"KLAC | yfinance | raw OHLC, not adjusted"
2024-07-17,81.7249984741211,82.90799713134766,77.9489974975586,78.17500305175781,16996000,"KLAC | yfinance | raw OHLC, not adjusted"
2024-07-18,79.37799835205078,79.70899963378906,76.84500122070312,78.70600128173828,9709000,"KLAC | yfinance | raw OHLC, not adjusted"
2024-07-19,78.54100036621094,79.55400085449219,76.13800048828125,76.25499725341797,9188000,"KLAC | yfinance | raw OHLC, not adjusted"
2024-07-22,78.84700012207031,81.1729965209961,77.51399993896484,80.95099639892578,9678000,"KLAC | yfinance | raw OHLC, not adjusted"
2024-07-23,79.4020004272461,81.3499984741211,79.4020004272461,80.76599884033203,9607000,"KLAC | yfinance | raw OHLC, not adjusted"
2024-07-24,79.7300033569336,79.8740005493164,75.19000244140625,75.5770034790039,24301000,"KLAC | yfinance | raw OHLC, not adjusted"
2024-07-25,76.75399780273438,79.17900085449219,74.93800354003906,76.28099822998047,18269000,"KLAC | yfinance | raw OHLC, not adjusted"
2024-07-26,78.93499755859375,79.9000015258789,76.90699768066406,78.73899841308594,10475000,"KLAC | yfinance | raw OHLC, not adjusted"
2024-07-29,79.32599639892578,81.0479965209961,77.74199676513672,77.85399627685547,6276000,"KLAC | yfinance | raw OHLC, not adjusted"
2024-07-30,78.79900360107422,79.94499969482422,75.43499755859375,75.88899993896484,10629000,"KLAC | yfinance | raw OHLC, not adjusted"
2024-07-31,80.55000305175781,82.6709976196289,79.03099822998047,82.30699920654297,17936000,"KLAC | yfinance | raw OHLC, not adjusted"
2024-08-01,82.1240005493164,82.25399780273438,74.70500183105469,75.61399841308594,22142000,"KLAC | yfinance | raw OHLC, not adjusted"
2024-08-02,71.13200378417969,72.50700378417969,68.76200103759766,69.61699676513672,20713000,"KLAC | yfinance | raw OHLC, not adjusted"
2024-08-05,64.98400115966797,72.01699829101562,64.80000305175781,70.3479995727539,17189000,"KLAC | yfinance | raw OHLC, not adjusted"
2024-08-06,70.8280029296875,73.82099914550781,70.35299682617188,71.62200164794922,12039000,"KLAC | yfinance | raw OHLC, not adjusted"
2024-08-07,74.06300354003906,74.85399627685547,69.47699737548828,69.77200317382812,9031000,"KLAC | yfinance | raw OHLC, not adjusted"
2024-08-08,71.95800018310547,75.4000015258789,70.69999694824219,75.22899627685547,10375000,"KLAC | yfinance | raw OHLC, not adjusted"
2024-08-09,74.70899963378906,75.50599670410156,73.17400360107422,74.6780014038086,7635000,"KLAC | yfinance | raw OHLC, not adjusted"
2024-08-12,74.87799835205078,76.87999725341797,74.47100067138672,75.75399780273438,7874000,"KLAC | yfinance | raw OHLC, not adjusted"
2024-08-13,76.79900360107422,79.69200134277344,76.19999694824219,79.38300323486328,11581000,"KLAC | yfinance | raw OHLC, not adjusted"
2024-08-14,80.49199676513672,81.36299896240234,78.16600036621094,79.38899993896484,6307000,"KLAC | yfinance | raw OHLC, not adjusted"
2024-08-15,81.1500015258789,83.98500061035156,80.40399932861328,83.61900329589844,12934000,"KLAC | yfinance | raw OHLC, not adjusted"
2024-08-16,82.85199737548828,82.88400268554688,80.89700317382812,81.95700073242188,6734000,"KLAC | yfinance | raw OHLC, not adjusted"
2024-08-19,81.85099792480469,82.16200256347656,79.875,82.04499816894531,9716000,"KLAC | yfinance | raw OHLC, not adjusted"
2024-08-20,81.9209976196289,82.38600158691406,80.30000305175781,81.15699768066406,6854000,"KLAC | yfinance | raw OHLC, not adjusted"
2024-08-21,81.86799621582031,83.3280029296875,81.22100067138672,82.71399688720703,6185000,"KLAC | yfinance | raw OHLC, not adjusted"
2024-08-22,82.83899688720703,83.19999694824219,79.38500213623047,79.85199737548828,9199000,"KLAC | yfinance | raw OHLC, not adjusted"
2024-08-23,81.66999816894531,82.43399810791016,80.0,81.78399658203125,6858000,"KLAC | yfinance | raw OHLC, not adjusted"
2024-08-26,81.33999633789062,81.33999633789062,79.31400299072266,79.89700317382812,7785000,"KLAC | yfinance | raw OHLC, not adjusted"
2024-08-27,79.65499877929688,81.41600036621094,78.29399871826172,81.27899932861328,6871000,"KLAC | yfinance | raw OHLC, not adjusted"
2024-08-28,80.9219970703125,81.99500274658203,79.5,80.427001953125,6489000,"KLAC | yfinance | raw OHLC, not adjusted"
2024-08-29,81.41799926757812,82.55799865722656,79.197998046875,79.57499694824219,8065000,"KLAC | yfinance | raw OHLC, not adjusted"
2024-08-30,81.35600280761719,81.99500274658203,79.75499725341797,81.94300079345703,10793000,"KLAC | yfinance | raw OHLC, not adjusted"
2024-09-03,80.55899810791016,80.70800018310547,73.71700286865234,74.14299774169922,16612000,"KLAC | yfinance | raw OHLC, not adjusted"
2024-09-04,73.5,74.98899841308594,72.46399688720703,74.51100158691406,9272000,"KLAC | yfinance | raw OHLC, not adjusted"
2024-09-05,72.5780029296875,74.3219985961914,72.2760009765625,72.80599975585938,8183000,"KLAC | yfinance | raw OHLC, not adjusted"
2024-09-06,72.80599975585938,72.81999969482422,69.67900085449219,70.27999877929688,13906000,"KLAC | yfinance | raw OHLC, not adjusted"
2024-09-09,71.50299835205078,71.7509994506836,69.65699768066406,70.98899841308594,8399000,"KLAC | yfinance | raw OHLC, not adjusted"
2024-09-10,70.98899841308594,71.69999694824219,69.64199829101562,71.34600067138672,7789000,"KLAC | yfinance | raw OHLC, not adjusted"
2024-09-11,71.52799987792969,75.16100311279297,70.38999938964844,74.88200378417969,11291000,"KLAC | yfinance | raw OHLC, not adjusted"
2024-09-12,74.68699645996094,74.68699645996094,73.0,73.3280029296875,10707000,"KLAC | yfinance | raw OHLC, not adjusted"
2024-09-13,74.13700103759766,75.45899963378906,74.09100341796875,75.1500015258789,5867000,"KLAC | yfinance | raw OHLC, not adjusted"
2024-09-16,73.5,74.29900360107422,72.61499786376953,73.63999938964844,8630000,"KLAC | yfinance | raw OHLC, not adjusted"
2024-09-17,74.93399810791016,75.09200286865234,73.34500122070312,73.95999908447266,8555000,"KLAC | yfinance | raw OHLC, not adjusted"
2024-09-18,74.95500183105469,75.21499633789062,72.97899627685547,73.10399627685547,8178000,"KLAC | yfinance | raw OHLC, not adjusted"
2024-09-19,75.93199920654297,78.22100067138672,75.51899719238281,77.24299621582031,12411000,"KLAC | yfinance | raw OHLC, not adjusted"
2024-09-20,76.26499938964844,76.53600311279297,74.9260025024414,75.88500213623047,16226000,"KLAC | yfinance | raw OHLC, not adjusted"
2024-09-23,76.62799835205078,77.03900146484375,75.8550033569336,76.12699890136719,4388000,"KLAC | yfinance | raw OHLC, not adjusted"
2024-09-24,77.19999694824219,77.56900024414062,75.22000122070312,77.03399658203125,8213000,"KLAC | yfinance | raw OHLC, not adjusted"
2024-09-25,76.29000091552734,78.19999694824219,75.96900177001953,77.20600128173828,5751000,"KLAC | yfinance | raw OHLC, not adjusted"
2024-09-26,81.34400177001953,82.19999694824219,78.0,80.45500183105469,9080000,"KLAC | yfinance | raw OHLC, not adjusted"
2024-09-27,80.7959976196289,80.84600067138672,77.79000091552734,78.23999786376953,6274000,"KLAC | yfinance | raw OHLC, not adjusted"
2024-09-30,77.30799865722656,78.1259994506836,76.12899780273438,77.44100189208984,9329000,"KLAC | yfinance | raw OHLC, not adjusted"
2024-10-01,77.84700012207031,78.69100189208984,74.61599731445312,75.36900329589844,12796000,"KLAC | yfinance | raw OHLC, not adjusted"
2024-10-02,76.06600189208984,78.74400329589844,75.5,77.73600006103516,7018000,"KLAC | yfinance | raw OHLC, not adjusted"
2024-10-03,76.48600006103516,78.39900207519531,76.4000015258789,77.45600128173828,5842000,"KLAC | yfinance | raw OHLC, not adjusted"
2024-10-04,80.0459976196289,80.0459976196289,77.72100067138672,78.73899841308594,7573000,"KLAC | yfinance | raw OHLC, not adjusted"
2024-10-07,77.77300262451172,78.79000091552734,77.18399810791016,78.16699981689453,7481000,"KLAC | yfinance | raw OHLC, not adjusted"
2024-10-08,78.19000244140625,79.36699676513672,77.42400360107422,78.38999938964844,6534000,"KLAC | yfinance | raw OHLC, not adjusted"
2024-10-09,78.2030029296875,80.6780014038086,78.03500366210938,80.46299743652344,6285000,"KLAC | yfinance | raw OHLC, not adjusted"
2024-10-10,79.13500213623047,79.98200225830078,78.69999694824219,79.7979965209961,4619000,"KLAC | yfinance | raw OHLC, not adjusted"
2024-10-11,79.27799987792969,80.64199829101562,79.26699829101562,80.37300109863281,5708000,"KLAC | yfinance | raw OHLC, not adjusted"
2024-10-14,80.93699645996094,83.30000305175781,80.93699645996094,82.96499633789062,5679000,"KLAC | yfinance | raw OHLC, not adjusted"
2024-10-15,82.552001953125,83.23799896240234,69.89600372314453,70.77200317382812,28709000,"KLAC | yfinance | raw OHLC, not adjusted"
2024-10-16,72.05699920654297,72.07599639892578,68.20099639892578,68.25900268554688,22806000,"KLAC | yfinance | raw OHLC, not adjusted"
2024-10-17,70.0979995727539,70.12200164794922,66.96800231933594,67.0250015258789,19365000,"KLAC | yfinance | raw OHLC, not adjusted"
2024-10-18,66.79299926757812,68.19000244140625,66.43199920654297,67.85199737548828,11928000,"KLAC | yfinance | raw OHLC, not adjusted"
2024-10-21,67.75,67.9749984741211,66.73999786376953,67.36100006103516,7393000,"KLAC | yfinance | raw OHLC, not adjusted"
2024-10-22,67.0,67.31500244140625,66.36599731445312,67.00800323486328,7874000,"KLAC | yfinance | raw OHLC, not adjusted"
2024-10-23,66.46399688720703,67.23100280761719,65.46499633789062,66.46299743652344,8468000,"KLAC | yfinance | raw OHLC, not adjusted"
2024-10-24,67.875,68.43900299072266,66.54399871826172,66.61599731445312,8847000,"KLAC | yfinance | raw OHLC, not adjusted"
2024-10-25,66.96700286865234,68.28399658203125,66.80000305175781,67.30699920654297,9548000,"KLAC | yfinance | raw OHLC, not adjusted"
2024-10-28,67.31500244140625,67.91400146484375,67.02100372314453,67.43499755859375,10518000,"KLAC | yfinance | raw OHLC, not adjusted"
2024-10-29,67.5,70.04000091552734,67.37699890136719,69.62300109863281,13339000,"KLAC | yfinance | raw OHLC, not adjusted"
2024-10-30,68.19999694824219,69.51899719238281,68.0009994506836,69.18000030517578,16568000,"KLAC | yfinance | raw OHLC, not adjusted"
2024-10-31,67.76499938964844,68.1050033569336,65.5999984741211,66.62300109863281,20012000,"KLAC | yfinance | raw OHLC, not adjusted"
2024-11-01,66.6500015258789,67.86499786376953,66.34400177001953,66.93800354003906,9064000,"KLAC | yfinance | raw OHLC, not adjusted"
2024-11-04,66.7249984741211,67.05599975585938,66.23600006103516,66.33699798583984,6379000,"KLAC | yfinance | raw OHLC, not adjusted"
2024-11-05,66.90799713134766,68.15499877929688,66.7249984741211,67.03299713134766,10163000,"KLAC | yfinance | raw OHLC, not adjusted"
2024-11-06,67.5,67.86399841308594,65.74800109863281,66.96600341796875,17154000,"KLAC | yfinance | raw OHLC, not adjusted"
2024-11-07,68.28500366210938,68.78199768066406,67.51000213623047,68.61499786376953,11222000,"KLAC | yfinance | raw OHLC, not adjusted"
2024-11-08,68.96099853515625,69.43599700927734,68.13800048828125,68.74099731445312,12781000,"KLAC | yfinance | raw OHLC, not adjusted"
2024-11-11,68.4000015258789,68.52100372314453,65.67400360107422,66.60299682617188,14228000,"KLAC | yfinance | raw OHLC, not adjusted"
2024-11-12,66.3010025024414,66.9260025024414,65.48600006103516,66.47799682617188,11113000,"KLAC | yfinance | raw OHLC, not adjusted"
2024-11-13,65.40599822998047,65.5989990234375,63.832000732421875,64.45500183105469,15052000,"KLAC | yfinance | raw OHLC, not adjusted"
2024-11-14,66.0,66.0,64.27400207519531,64.5,11699000,"KLAC | yfinance | raw OHLC, not adjusted"
2024-11-15,62.053001403808594,63.0,61.23500061035156,61.44599914550781,17120000,"KLAC | yfinance | raw OHLC, not adjusted"
2024-11-18,61.42300033569336,62.37699890136719,61.176998138427734,62.0260009765625,12233000,"KLAC | yfinance | raw OHLC, not adjusted"
2024-11-19,61.64799880981445,61.840999603271484,60.939998626708984,61.566001892089844,14089000,"KLAC | yfinance | raw OHLC, not adjusted"
2024-11-20,61.64899826049805,61.994998931884766,60.98899841308594,61.68299865722656,11951000,"KLAC | yfinance | raw OHLC, not adjusted"
2024-11-21,62.779998779296875,63.79600143432617,62.0,63.316001892089844,13860000,"KLAC | yfinance | raw OHLC, not adjusted"
2024-11-22,63.0,64.3030014038086,63.0,63.95500183105469,9818000,"KLAC | yfinance | raw OHLC, not adjusted"
2024-11-25,64.66899871826172,64.66899871826172,63.21099853515625,64.46700286865234,19130000,"KLAC | yfinance | raw OHLC, not adjusted"
2024-11-26,65.11799621582031,65.11799621582031,62.38600158691406,63.14699935913086,9232000,"KLAC | yfinance | raw OHLC, not adjusted"
2024-11-27,63.14699935913086,63.39899826049805,62.12300109863281,63.2140007019043,9426000,"KLAC | yfinance | raw OHLC, not adjusted"
2024-11-29,64.48100280761719,66.1500015258789,64.3270034790039,64.7030029296875,9257000,"KLAC | yfinance | raw OHLC, not adjusted"
2024-12-02,64.5009994506836,66.90699768066406,64.5,66.60299682617188,13802000,"KLAC | yfinance | raw OHLC, not adjusted"
2024-12-03,66.11299896240234,66.71800231933594,65.68199920654297,66.5719985961914,13765000,"KLAC | yfinance | raw OHLC, not adjusted"
2024-12-04,67.01799774169922,67.05000305175781,65.56700134277344,66.62200164794922,14592000,"KLAC | yfinance | raw OHLC, not adjusted"
2024-12-05,66.03800201416016,66.29199981689453,64.13899993896484,64.26100158691406,10282000,"KLAC | yfinance | raw OHLC, not adjusted"
2024-12-06,64.11499786376953,65.07099914550781,63.81800079345703,64.83399963378906,8624000,"KLAC | yfinance | raw OHLC, not adjusted"
2024-12-09,65.9010009765625,66.63400268554688,64.58200073242188,65.23699951171875,10933000,"KLAC | yfinance | raw OHLC, not adjusted"
2024-12-10,65.78299713134766,65.78299713134766,63.84700012207031,64.18699645996094,9148000,"KLAC | yfinance | raw OHLC, not adjusted"
2024-12-11,64.6969985961914,65.71199798583984,64.20800018310547,64.88400268554688,11074000,"KLAC | yfinance | raw OHLC, not adjusted"
2024-12-12,64.68699645996094,64.98899841308594,63.79100036621094,64.66000366210938,6982000,"KLAC | yfinance | raw OHLC, not adjusted"
2024-12-13,64.80000305175781,66.38700103759766,64.75800323486328,65.3759994506836,14632000,"KLAC | yfinance | raw OHLC, not adjusted"
2024-12-16,64.96800231933594,66.4530029296875,64.54199981689453,65.61299896240234,10143000,"KLAC | yfinance | raw OHLC, not adjusted"
2024-12-17,65.99700164794922,66.88999938964844,65.20899963378906,65.48799896240234,12524000,"KLAC | yfinance | raw OHLC, not adjusted"
2024-12-18,65.86599731445312,66.91000366210938,62.56100082397461,63.07699966430664,14521000,"KLAC | yfinance | raw OHLC, not adjusted"
2024-12-19,62.41600036621094,63.52799987792969,62.05799865722656,62.21799850463867,11157000,"KLAC | yfinance | raw OHLC, not adjusted"
2024-12-20,61.643001556396484,64.1050033569336,61.34000015258789,62.9370002746582,26522000,"KLAC | yfinance | raw OHLC, not adjusted"
2024-12-23,63.15800094604492,64.95099639892578,63.15800094604492,64.79900360107422,8864000,"KLAC | yfinance | raw OHLC, not adjusted"
2024-12-24,64.50499725341797,65.19999694824219,64.1259994506836,65.0530014038086,3495000,"KLAC | yfinance | raw OHLC, not adjusted"
2024-12-26,64.4219970703125,65.38899993896484,64.20500183105469,64.8550033569336,4541000,"KLAC | yfinance | raw OHLC, not adjusted"
2024-12-27,64.71700286865234,64.77200317382812,63.80099868774414,64.48100280761719,7295000,"KLAC | yfinance | raw OHLC, not adjusted"
2024-12-30,63.38100051879883,63.7239990234375,62.65999984741211,63.36399841308594,6878000,"KLAC | yfinance | raw OHLC, not adjusted"
2024-12-31,63.349998474121094,63.79999923706055,62.71699905395508,63.012001037597656,6462000,"KLAC | yfinance | raw OHLC, not adjusted"
2025-01-02,63.46900177001953,64.94300079345703,63.18899917602539,63.6619987487793,8922000,"KLAC | yfinance | raw OHLC, not adjusted"
2025-01-03,64.38999938964844,65.87100219726562,64.03199768066406,65.70099639892578,8651000,"KLAC | yfinance | raw OHLC, not adjusted"
2025-01-06,67.36000061035156,69.68699645996094,67.35099792480469,69.02999877929688,16764000,"KLAC | yfinance | raw OHLC, not adjusted"
2025-01-07,69.47799682617188,70.58699798583984,68.32599639892578,68.93000030517578,12834000,"KLAC | yfinance | raw OHLC, not adjusted"
2025-01-08,69.0,69.19999694824219,67.89700317382812,68.62000274658203,10934000,"KLAC | yfinance | raw OHLC, not adjusted"
2025-01-10,68.38999938964844,69.45700073242188,67.16500091552734,68.30599975585938,12545000,"KLAC | yfinance | raw OHLC, not adjusted"
2025-01-13,67.41899871826172,69.1969985961914,66.54900360107422,69.0989990234375,13186000,"KLAC | yfinance | raw OHLC, not adjusted"
2025-01-14,69.29900360107422,70.13899993896484,68.65599822998047,70.1259994506836,10390000,"KLAC | yfinance | raw OHLC, not adjusted"
2025-01-15,71.5,72.73699951171875,71.35399627685547,71.625,13683000,"KLAC | yfinance | raw OHLC, not adjusted"
2025-01-16,73.5,77.90699768066406,73.35800170898438,74.72599792480469,20196000,"KLAC | yfinance | raw OHLC, not adjusted"
2025-01-17,76.29499816894531,76.33000183105469,74.76100158691406,75.74700164794922,14025000,"KLAC | yfinance | raw OHLC, not adjusted"
2025-01-21,76.2300033569336,77.84300231933594,75.12300109863281,76.7239990234375,13700000,"KLAC | yfinance | raw OHLC, not adjusted"
2025-01-22,77.33599853515625,78.71299743652344,77.15799713134766,77.19100189208984,12003000,"KLAC | yfinance | raw OHLC, not adjusted"
2025-01-23,75.3270034790039,76.18699645996094,74.12899780273438,76.09500122070312,8218000,"KLAC | yfinance | raw OHLC, not adjusted"
2025-01-24,76.50499725341797,76.5790023803711,74.31500244140625,74.98200225830078,7454000,"KLAC | yfinance | raw OHLC, not adjusted"
2025-01-27,71.66000366210938,72.49500274658203,68.5199966430664,70.27100372314453,23578000,"KLAC | yfinance | raw OHLC, not adjusted"
2025-01-28,69.73300170898438,70.88899993896484,68.9219970703125,70.29199981689453,13871000,"KLAC | yfinance | raw OHLC, not adjusted"
2025-01-29,72.10800170898438,72.18800354003906,70.77799987792969,71.2969970703125,7292000,"KLAC | yfinance | raw OHLC, not adjusted"
2025-01-30,73.12799835205078,74.61100006103516,72.19999694824219,74.24299621582031,17110000,"KLAC | yfinance | raw OHLC, not adjusted"
2025-01-31,75.89299774169922,77.0250015258789,73.5,73.8239974975586,16319000,"KLAC | yfinance | raw OHLC, not adjusted"
2025-02-03,72.73899841308594,75.30000305175781,72.63700103759766,74.02100372314453,12168000,"KLAC | yfinance | raw OHLC, not adjusted"
2025-02-04,73.28299713134766,75.5999984741211,73.28299713134766,74.93199920654297,9999000,"KLAC | yfinance | raw OHLC, not adjusted"
2025-02-05,74.26300048828125,76.19200134277344,74.09400177001953,75.91500091552734,6771000,"KLAC | yfinance | raw OHLC, not adjusted"
2025-02-06,75.76799774169922,76.42400360107422,75.3219985961914,76.18199920654297,5794000,"KLAC | yfinance | raw OHLC, not adjusted"
2025-02-07,76.18000030517578,76.72699737548828,74.4219970703125,74.7699966430664,6645000,"KLAC | yfinance | raw OHLC, not adjusted"
2025-02-10,75.96800231933594,76.125,74.36799621582031,75.14600372314453,15645000,"KLAC | yfinance | raw OHLC, not adjusted"
2025-02-11,75.45500183105469,76.19599914550781,74.91600036621094,75.86199951171875,5918000,"KLAC | yfinance | raw OHLC, not adjusted"
2025-02-12,74.25299835205078,75.46700286865234,73.85399627685547,75.05500030517578,4766000,"KLAC | yfinance | raw OHLC, not adjusted"
2025-02-13,75.10299682617188,76.5,75.00800323486328,76.4280014038086,7115000,"KLAC | yfinance | raw OHLC, not adjusted"
2025-02-14,76.01699829101562,76.9520034790039,73.9020004272461,75.0739974975586,9985000,"KLAC | yfinance | raw OHLC, not adjusted"
2025-02-18,75.80400085449219,76.02100372314453,73.79399871826172,75.82499694824219,13540000,"KLAC | yfinance | raw OHLC, not adjusted"
2025-02-19,76.11299896240234,77.69999694824219,75.30899810791016,77.4749984741211,9367000,"KLAC | yfinance | raw OHLC, not adjusted"
2025-02-20,78.0,79.4000015258789,77.10099792480469,77.76300048828125,8836000,"KLAC | yfinance | raw OHLC, not adjusted"
2025-02-21,77.9739990234375,78.24099731445312,75.10600280761719,75.43000030517578,8724000,"KLAC | yfinance | raw OHLC, not adjusted"
2025-02-24,76.1989974975586,76.3030014038086,73.5999984741211,73.75700378417969,11109000,"KLAC | yfinance | raw OHLC, not adjusted"
2025-02-25,73.62899780273438,73.62899780273438,72.14700317382812,72.49700164794922,10683000,"KLAC | yfinance | raw OHLC, not adjusted"
2025-02-26,73.33300018310547,75.11100006103516,72.99800109863281,73.85199737548828,12474000,"KLAC | yfinance | raw OHLC, not adjusted"
2025-02-27,74.30500030517578,75.0,69.86399841308594,69.91600036621094,13249000,"KLAC | yfinance | raw OHLC, not adjusted"
2025-02-28,70.58399963378906,71.3499984741211,69.19300079345703,70.88400268554688,12424000,"KLAC | yfinance | raw OHLC, not adjusted"
2025-03-03,71.4530029296875,72.81099700927734,68.63600158691406,69.11499786376953,13046000,"KLAC | yfinance | raw OHLC, not adjusted"
2025-03-04,69.34700012207031,71.60099792480469,67.85600280761719,69.9000015258789,11822000,"KLAC | yfinance | raw OHLC, not adjusted"
2025-03-05,70.11100006103516,71.7239990234375,68.96299743652344,71.58100128173828,9157000,"KLAC | yfinance | raw OHLC, not adjusted"
2025-03-06,69.72699737548828,71.16600036621094,68.39800262451172,69.21299743652344,11354000,"KLAC | yfinance | raw OHLC, not adjusted"
2025-03-07,68.81999969482422,71.41200256347656,68.02200317382812,71.12899780273438,10881000,"KLAC | yfinance | raw OHLC, not adjusted"
2025-03-10,69.38200378417969,69.72200012207031,67.05799865722656,67.83599853515625,13892000,"KLAC | yfinance | raw OHLC, not adjusted"
2025-03-11,67.73899841308594,68.03199768066406,65.3740005493164,66.4219970703125,10587000,"KLAC | yfinance | raw OHLC, not adjusted"
2025-03-12,67.60399627685547,68.67500305175781,67.18199920654297,68.03900146484375,8841000,"KLAC | yfinance | raw OHLC, not adjusted"
2025-03-13,67.66200256347656,69.4000015258789,66.86599731445312,68.1500015258789,9308000,"KLAC | yfinance | raw OHLC, not adjusted"
2025-03-14,68.99700164794922,71.3740005493164,68.99700164794922,71.30000305175781,11426000,"KLAC | yfinance | raw OHLC, not adjusted"
2025-03-17,70.5739974975586,72.41999816894531,70.5530014038086,71.8290023803711,9762000,"KLAC | yfinance | raw OHLC, not adjusted"
2025-03-18,71.19000244140625,71.27999877929688,69.80599975585938,71.0,9507000,"KLAC | yfinance | raw OHLC, not adjusted"
2025-03-19,71.0,73.00700378417969,70.49500274658203,71.96099853515625,7533000,"KLAC | yfinance | raw OHLC, not adjusted"
2025-03-20,70.88200378417969,71.96600341796875,70.76799774169922,71.64600372314453,6294000,"KLAC | yfinance | raw OHLC, not adjusted"
2025-03-21,70.23100280761719,70.93800354003906,69.23600006103516,70.64900207519531,24548000,"KLAC | yfinance | raw OHLC, not adjusted"
2025-03-24,72.27100372314453,73.51399993896484,71.63999938964844,72.77300262451172,7302000,"KLAC | yfinance | raw OHLC, not adjusted"
2025-03-25,72.46199798583984,72.71700286865234,71.87300109863281,72.18499755859375,4987000,"KLAC | yfinance | raw OHLC, not adjusted"
2025-03-26,72.14900207519531,72.41699981689453,69.88099670410156,70.55400085449219,7346000,"KLAC | yfinance | raw OHLC, not adjusted"
2025-03-27,70.03500366210938,70.71299743652344,69.19999694824219,70.0,7351000,"KLAC | yfinance | raw OHLC, not adjusted"
2025-03-28,68.53700256347656,69.41699981689453,66.71800231933594,67.36000061035156,9895000,"KLAC | yfinance | raw OHLC, not adjusted"
2025-03-31,67.29900360107422,68.11399841308594,65.54199981689453,67.9800033569336,11654000,"KLAC | yfinance | raw OHLC, not adjusted"
2025-04-01,67.4000015258789,68.27999877929688,66.21800231933594,68.24600219726562,6694000,"KLAC | yfinance | raw OHLC, not adjusted"
2025-04-02,66.72899627685547,69.56199645996094,66.72899627685547,68.61900329589844,7911000,"KLAC | yfinance | raw OHLC, not adjusted"
2025-04-03,65.22100067138672,65.69200134277344,62.027000427246094,62.082000732421875,15253000,"KLAC | yfinance | raw OHLC, not adjusted"
2025-04-04,59.25400161743164,60.0,55.97600173950195,57.65299987792969,20728000,"KLAC | yfinance | raw OHLC, not adjusted"
2025-04-07,56.665000915527344,63.277000427246094,55.132999420166016,60.46200180053711,29961000,"KLAC | yfinance | raw OHLC, not adjusted"
2025-04-08,62.599998474121094,64.4260025024414,58.680999755859375,59.95100021362305,27198000,"KLAC | yfinance | raw OHLC, not adjusted"
2025-04-09,60.48699951171875,72.18399810791016,59.73500061035156,70.33100128173828,34479000,"KLAC | yfinance | raw OHLC, not adjusted"
2025-04-10,66.48999786376953,68.06900024414062,62.8489990234375,65.6760025024414,26761000,"KLAC | yfinance | raw OHLC, not adjusted"
2025-04-11,64.68199920654297,67.6729965209961,63.507999420166016,67.02200317382812,13618000,"KLAC | yfinance | raw OHLC, not adjusted"
2025-04-14,68.1500015258789,68.43000030517578,65.94499969482422,66.99700164794922,9870000,"KLAC | yfinance | raw OHLC, not adjusted"
2025-04-15,66.94200134277344,68.21099853515625,66.5,67.62100219726562,7904000,"KLAC | yfinance | raw OHLC, not adjusted"
2025-04-16,63.82500076293945,65.90499877929688,61.930999755859375,64.21900177001953,20208000,"KLAC | yfinance | raw OHLC, not adjusted"
2025-04-17,64.90299987792969,64.91899871826172,63.1619987487793,63.44300079345703,12241000,"KLAC | yfinance | raw OHLC, not adjusted"
2025-04-21,62.34299850463867,62.72100067138672,60.77000045776367,62.08000183105469,13461000,"KLAC | yfinance | raw OHLC, not adjusted"
2025-04-22,62.66899871826172,63.98500061035156,62.584999084472656,63.63600158691406,13724000,"KLAC | yfinance | raw OHLC, not adjusted"
2025-04-23,66.42400360107422,67.2699966430664,65.28800201416016,65.71099853515625,9451000,"KLAC | yfinance | raw OHLC, not adjusted"
2025-04-24,67.41100311279297,69.05699920654297,66.41999816894531,68.94200134277344,13040000,"KLAC | yfinance | raw OHLC, not adjusted"
2025-04-25,68.0,70.03099822998047,67.89199829101562,69.46099853515625,6316000,"KLAC | yfinance | raw OHLC, not adjusted"
2025-04-28,68.7699966430664,69.91400146484375,67.90499877929688,69.37200164794922,7360000,"KLAC | yfinance | raw OHLC, not adjusted"
2025-04-29,68.36299896240234,69.53500366210938,68.17400360107422,68.79499816894531,7261000,"KLAC | yfinance | raw OHLC, not adjusted"
2025-04-30,67.69999694824219,70.4990005493164,67.41999816894531,70.26899719238281,11723000,"KLAC | yfinance | raw OHLC, not adjusted"
2025-05-01,68.91999816894531,69.30400085449219,67.47599792480469,67.63099670410156,14635000,"KLAC | yfinance | raw OHLC, not adjusted"
2025-05-02,69.42500305175781,70.78399658203125,69.29100036621094,69.81600189208984,8518000,"KLAC | yfinance | raw OHLC, not adjusted"
2025-05-05,69.10199737548828,70.16100311279297,68.71199798583984,69.3290023803711,8119000,"KLAC | yfinance | raw OHLC, not adjusted"
2025-05-06,68.08599853515625,69.0,67.76100158691406,67.94200134277344,9054000,"KLAC | yfinance | raw OHLC, not adjusted"
2025-05-07,68.04900360107422,69.64600372314453,67.5270004272461,69.43499755859375,9628000,"KLAC | yfinance | raw OHLC, not adjusted"
2025-05-08,70.33200073242188,71.05000305175781,69.27999877929688,70.33300018310547,9069000,"KLAC | yfinance | raw OHLC, not adjusted"
2025-05-09,70.61399841308594,71.12999725341797,69.6729965209961,70.12000274658203,9550000,"KLAC | yfinance | raw OHLC, not adjusted"
2025-05-12,74.5,76.27999877929688,74.16100311279297,76.0469970703125,21103000,"KLAC | yfinance | raw OHLC, not adjusted"
2025-05-13,76.0,79.802001953125,75.56500244140625,79.58999633789062,18048000,"KLAC | yfinance | raw OHLC, not adjusted"
2025-05-14,78.67500305175781,80.53900146484375,78.67500305175781,80.5,11714000,"KLAC | yfinance | raw OHLC, not adjusted"
2025-05-15,79.72699737548828,81.06099700927734,79.55699920654297,80.5999984741211,11298000,"KLAC | yfinance | raw OHLC, not adjusted"
2025-05-16,80.71299743652344,80.71299743652344,78.40799713134766,79.11699676513672,11320000,"KLAC | yfinance | raw OHLC, not adjusted"
2025-05-19,78.06900024414062,78.95700073242188,77.50199890136719,78.70099639892578,11420000,"KLAC | yfinance | raw OHLC, not adjusted"
2025-05-20,77.96299743652344,79.08599853515625,77.71800231933594,79.02899932861328,9492000,"KLAC | yfinance | raw OHLC, not adjusted"
2025-05-21,77.83200073242188,79.97200012207031,77.51799774169922,77.89399719238281,12367000,"KLAC | yfinance | raw OHLC, not adjusted"
2025-05-22,76.64600372314453,78.1760025024414,76.19999694824219,76.7509994506836,6825000,"KLAC | yfinance | raw OHLC, not adjusted"
2025-05-23,74.7750015258789,76.11000061035156,74.48699951171875,75.71700286865234,9419000,"KLAC | yfinance | raw OHLC, not adjusted"
2025-05-27,77.47100067138672,79.21800231933594,76.86000061035156,78.90599822998047,12925000,"KLAC | yfinance | raw OHLC, not adjusted"
2025-05-28,78.90599822998047,79.62999725341797,77.61900329589844,77.75,9057000,"KLAC | yfinance | raw OHLC, not adjusted"
2025-05-29,79.2979965209961,79.4800033569336,76.86799621582031,77.39700317382812,9323000,"KLAC | yfinance | raw OHLC, not adjusted"
2025-05-30,77.27799987792969,77.3550033569336,74.04399871826172,75.68800354003906,17177000,"KLAC | yfinance | raw OHLC, not adjusted"
2025-06-02,75.23999786376953,76.46499633789062,75.19599914550781,76.24400329589844,8646000,"KLAC | yfinance | raw OHLC, not adjusted"
2025-06-03,76.20500183105469,77.95899963378906,75.63400268554688,77.5790023803711,9432000,"KLAC | yfinance | raw OHLC, not adjusted"
2025-06-04,78.16200256347656,78.69300079345703,77.36000061035156,78.20899963378906,8395000,"KLAC | yfinance | raw OHLC, not adjusted"
2025-06-05,78.84100341796875,79.6510009765625,77.74199676513672,79.18900299072266,16189000,"KLAC | yfinance | raw OHLC, not adjusted"
2025-06-06,80.1240005493164,81.39700317382812,79.97699737548828,80.80000305175781,9963000,"KLAC | yfinance | raw OHLC, not adjusted"
2025-06-09,81.0999984741211,83.5,81.0999984741211,82.92900085449219,15298000,"KLAC | yfinance | raw OHLC, not adjusted"
2025-06-10,82.92900085449219,85.71600341796875,82.6760025024414,85.65899658203125,15155000,"KLAC | yfinance | raw OHLC, not adjusted"
2025-06-11,86.50800323486328,87.35299682617188,85.87999725341797,87.19999694824219,16504000,"KLAC | yfinance | raw OHLC, not adjusted"
2025-06-12,86.6500015258789,87.91600036621094,86.6500015258789,87.5,10917000,"KLAC | yfinance | raw OHLC, not adjusted"
2025-06-13,85.9000015258789,87.6449966430664,85.69400024414062,86.76699829101562,18322000,"KLAC | yfinance | raw OHLC, not adjusted"
2025-06-16,87.5999984741211,89.33100128173828,87.56199645996094,89.23799896240234,16194000,"KLAC | yfinance | raw OHLC, not adjusted"
2025-06-17,89.0,91.48300170898438,88.77200317382812,89.30000305175781,13340000,"KLAC | yfinance | raw OHLC, not adjusted"
2025-06-18,89.48899841308594,89.81500244140625,86.73100280761719,87.11599731445312,14315000,"KLAC | yfinance | raw OHLC, not adjusted"
2025-06-20,88.38300323486328,88.38300323486328,83.48500061035156,85.0,23478000,"KLAC | yfinance | raw OHLC, not adjusted"
2025-06-23,85.29199981689453,85.96199798583984,84.11799621582031,85.62799835205078,14277000,"KLAC | yfinance | raw OHLC, not adjusted"
2025-06-24,87.1240005493164,89.05699920654297,86.95600128173828,88.90299987792969,11451000,"KLAC | yfinance | raw OHLC, not adjusted"
2025-06-25,89.5009994506836,90.29399871826172,88.77400207519531,89.34600067138672,7720000,"KLAC | yfinance | raw OHLC, not adjusted"
2025-06-26,89.74700164794922,90.72599792480469,89.33000183105469,90.29399871826172,8647000,"KLAC | yfinance | raw OHLC, not adjusted"
2025-06-27,90.5,90.79499816894531,88.46399688720703,88.98699951171875,11755000,"KLAC | yfinance | raw OHLC, not adjusted"
2025-06-30,89.11599731445312,89.82499694824219,88.43399810791016,89.5739974975586,7867000,"KLAC | yfinance | raw OHLC, not adjusted"
2025-07-01,88.87799835205078,90.4990005493164,88.2300033569336,89.88500213623047,10791000,"KLAC | yfinance | raw OHLC, not adjusted"
2025-07-02,88.82099914550781,92.19499969482422,88.50599670410156,92.11000061035156,10510000,"KLAC | yfinance | raw OHLC, not adjusted"
2025-07-03,92.0,92.802001953125,91.6050033569336,92.45800018310547,4894000,"KLAC | yfinance | raw OHLC, not adjusted"
2025-07-07,91.69599914550781,92.3499984741211,90.59100341796875,91.26200103759766,9012000,"KLAC | yfinance | raw OHLC, not adjusted"
2025-07-08,91.09200286865234,92.73799896240234,90.8270034790039,91.9219970703125,8625000,"KLAC | yfinance | raw OHLC, not adjusted"
2025-07-09,91.9219970703125,93.19599914550781,91.5510025024414,92.31800079345703,6010000,"KLAC | yfinance | raw OHLC, not adjusted"
2025-07-10,92.28900146484375,93.21700286865234,91.93699645996094,92.86199951171875,7982000,"KLAC | yfinance | raw OHLC, not adjusted"
2025-07-11,92.55000305175781,93.01799774169922,92.12100219726562,92.45800018310547,5705000,"KLAC | yfinance | raw OHLC, not adjusted"
2025-07-14,91.6719970703125,92.6760025024414,90.6259994506836,92.18399810791016,5678000,"KLAC | yfinance | raw OHLC, not adjusted"
2025-07-15,93.4000015258789,94.23400115966797,92.96499633789062,93.65299987792969,7462000,"KLAC | yfinance | raw OHLC, not adjusted"
2025-07-16,91.31199645996094,93.63800048828125,89.73799896240234,93.3489990234375,12269000,"KLAC | yfinance | raw OHLC, not adjusted"
2025-07-17,92.4010009765625,94.2969970703125,91.0,93.70800018310547,11353000,"KLAC | yfinance | raw OHLC, not adjusted"
2025-07-18,94.58699798583984,94.58699798583984,92.48200225830078,93.11199951171875,6820000,"KLAC | yfinance | raw OHLC, not adjusted"
2025-07-21,92.84600067138672,94.5009994506836,92.56500244140625,93.7760009765625,6737000,"KLAC | yfinance | raw OHLC, not adjusted"
2025-07-22,93.86699676513672,93.86699676513672,89.0,89.22200012207031,16198000,"KLAC | yfinance | raw OHLC, not adjusted"
2025-07-23,89.93900299072266,90.0,87.98100280761719,89.70899963378906,12075000,"KLAC | yfinance | raw OHLC, not adjusted"
2025-07-24,90.18099975585938,91.23200225830078,89.41999816894531,90.41799926757812,5497000,"KLAC | yfinance | raw OHLC, not adjusted"
2025-07-25,89.23400115966797,90.5,88.80699920654297,90.20899963378906,8080000,"KLAC | yfinance | raw OHLC, not adjusted"
2025-07-28,91.73600006103516,93.19400024414062,91.5,92.31500244140625,8399000,"KLAC | yfinance | raw OHLC, not adjusted"
2025-07-29,92.85900115966797,93.6969985961914,91.51000213623047,91.60900115966797,10272000,"KLAC | yfinance | raw OHLC, not adjusted"
2025-07-30,92.26499938964844,92.78199768066406,91.33799743652344,92.4990005493164,10582000,"KLAC | yfinance | raw OHLC, not adjusted"
2025-07-31,86.44499969482422,89.71900177001953,86.0,87.90299987792969,22841000,"KLAC | yfinance | raw OHLC, not adjusted"
2025-08-01,85.62000274658203,89.41600036621094,85.52799987792969,88.66400146484375,14746000,"KLAC | yfinance | raw OHLC, not adjusted"
2025-08-04,89.67500305175781,91.77799987792969,89.0999984741211,91.56199645996094,10645000,"KLAC | yfinance | raw OHLC, not adjusted"
2025-08-05,91.69999694824219,92.1989974975586,87.59600067138672,88.34100341796875,11783000,"KLAC | yfinance | raw OHLC, not adjusted"
2025-08-06,88.34100341796875,88.91200256347656,86.9219970703125,88.8280029296875,9350000,"KLAC | yfinance | raw OHLC, not adjusted"
2025-08-07,91.23999786376953,91.75299835205078,90.49800109863281,91.20600128173828,7172000,"KLAC | yfinance | raw OHLC, not adjusted"
2025-08-08,91.30000305175781,91.79399871826172,90.56800079345703,91.4800033569336,7195000,"KLAC | yfinance | raw OHLC, not adjusted"
2025-08-11,92.21499633789062,93.33399963378906,90.76399993896484,91.01799774169922,8140000,"KLAC | yfinance | raw OHLC, not adjusted"
2025-08-12,91.36799621582031,93.9260025024414,90.74800109863281,93.5530014038086,10279000,"KLAC | yfinance | raw OHLC, not adjusted"
2025-08-13,94.0,95.23500061035156,93.75499725341797,94.947998046875,9007000,"KLAC | yfinance | raw OHLC, not adjusted"
2025-08-14,94.16600036621094,95.9260025024414,93.49199676513672,95.54100036621094,10053000,"KLAC | yfinance | raw OHLC, not adjusted"
2025-08-15,92.4229965209961,92.4229965209961,87.31600189208984,87.49400329589844,20645000,"KLAC | yfinance | raw OHLC, not adjusted"
2025-08-18,87.30400085449219,88.3759994506836,87.04299926757812,88.33899688720703,8538000,"KLAC | yfinance | raw OHLC, not adjusted"
2025-08-19,88.33899688720703,88.92500305175781,87.41300201416016,87.60800170898438,9867000,"KLAC | yfinance | raw OHLC, not adjusted"
2025-08-20,87.85299682617188,88.02300262451172,86.02100372314453,87.84400177001953,9785000,"KLAC | yfinance | raw OHLC, not adjusted"
2025-08-21,87.64399719238281,88.12899780273438,86.66200256347656,87.23899841308594,7305000,"KLAC | yfinance | raw OHLC, not adjusted"
2025-08-22,87.23899841308594,89.38300323486328,86.9229965209961,87.02799987792969,9463000,"KLAC | yfinance | raw OHLC, not adjusted"
2025-08-25,87.0270004272461,88.67500305175781,86.60199737548828,87.95500183105469,4693000,"KLAC | yfinance | raw OHLC, not adjusted"
2025-08-26,88.12699890136719,89.28800201416016,88.12699890136719,88.80999755859375,8123000,"KLAC | yfinance | raw OHLC, not adjusted"
2025-08-27,88.58899688720703,89.06300354003906,87.9990005493164,88.88899993896484,5285000,"KLAC | yfinance | raw OHLC, not adjusted"
2025-08-28,89.3010025024414,89.69999694824219,88.5,89.4000015258789,9642000,"KLAC | yfinance | raw OHLC, not adjusted"
2025-08-29,88.1500015258789,88.5,86.48100280761719,87.19999694824219,9543000,"KLAC | yfinance | raw OHLC, not adjusted"
2025-09-02,84.58399963378906,85.28500366210938,83.6729965209961,84.63500213623047,12416000,"KLAC | yfinance | raw OHLC, not adjusted"
2025-09-03,84.76599884033203,84.76599884033203,83.2239990234375,84.38999938964844,9336000,"KLAC | yfinance | raw OHLC, not adjusted"
2025-09-04,84.31999969482422,87.66600036621094,83.9000015258789,87.3290023803711,8134000,"KLAC | yfinance | raw OHLC, not adjusted"
2025-09-05,87.96299743652344,90.6259994506836,87.83399963378906,90.50900268554688,11556000,"KLAC | yfinance | raw OHLC, not adjusted"
2025-09-08,91.0,92.43499755859375,90.67400360107422,90.89800262451172,8865000,"KLAC | yfinance | raw OHLC, not adjusted"
2025-09-09,91.07499694824219,92.2750015258789,91.02300262451172,91.77300262451172,6778000,"KLAC | yfinance | raw OHLC, not adjusted"
2025-09-10,92.18599700927734,93.52300262451172,91.48999786376953,93.26300048828125,7128000,"KLAC | yfinance | raw OHLC, not adjusted"
2025-09-11,94.0,96.38899993896484,93.74800109863281,95.9280014038086,10221000,"KLAC | yfinance | raw OHLC, not adjusted"
2025-09-12,95.74800109863281,96.80899810791016,95.5,96.4020004272461,5839000,"KLAC | yfinance | raw OHLC, not adjusted"
2025-09-15,96.6989974975586,99.0,96.6989974975586,98.89099884033203,8456000,"KLAC | yfinance | raw OHLC, not adjusted"
2025-09-16,99.3499984741211,100.2040023803711,97.50599670410156,99.05699920654297,7761000,"KLAC | yfinance | raw OHLC, not adjusted"
2025-09-17,99.03800201416016,100.0,97.62699890136719,98.98699951171875,7239000,"KLAC | yfinance | raw OHLC, not adjusted"
2025-09-18,103.08300018310547,107.67900085449219,102.5790023803711,104.66899871826172,18247000,"KLAC | yfinance | raw OHLC, not adjusted"
2025-09-19,105.19000244140625,105.24800109863281,102.93199920654297,104.48100280761719,15869000,"KLAC | yfinance | raw OHLC, not adjusted"
2025-09-22,103.88899993896484,107.2969970703125,103.75,107.125,10207000,"KLAC | yfinance | raw OHLC, not adjusted"
2025-09-23,106.78500366210938,107.552001953125,106.0790023803711,107.12000274658203,8295000,"KLAC | yfinance | raw OHLC, not adjusted"
2025-09-24,106.63200378417969,107.5999984741211,105.76399993896484,106.86699676513672,8680000,"KLAC | yfinance | raw OHLC, not adjusted"
2025-09-25,105.86100006103516,106.6989974975586,104.58000183105469,105.91000366210938,7105000,"KLAC | yfinance | raw OHLC, not adjusted"
2025-09-26,105.65399932861328,106.86599731445312,104.61599731445312,106.42900085449219,5054000,"KLAC | yfinance | raw OHLC, not adjusted"
2025-09-29,107.71800231933594,108.55999755859375,106.31800079345703,106.41300201416016,7697000,"KLAC | yfinance | raw OHLC, not adjusted"
2025-09-30,106.37999725341797,107.98699951171875,105.70700073242188,107.86000061035156,8863000,"KLAC | yfinance | raw OHLC, not adjusted"
2025-10-01,107.51799774169922,113.4219970703125,106.97799682617188,112.88700103759766,11881000,"KLAC | yfinance | raw OHLC, not adjusted"
2025-10-02,115.5,115.5,112.72200012207031,113.9260025024414,9249000,"KLAC | yfinance | raw OHLC, not adjusted"
2025-10-03,112.80000305175781,113.24099731445312,109.91699981689453,110.15499877929688,9536000,"KLAC | yfinance | raw OHLC, not adjusted"
2025-10-06,112.16799926757812,115.21199798583984,112.16799926757812,113.97100067138672,9460000,"KLAC | yfinance | raw OHLC, not adjusted"
2025-10-07,114.08100128173828,114.2040023803711,108.30000305175781,108.4739990234375,8784000,"KLAC | yfinance | raw OHLC, not adjusted"
2025-10-08,106.35099792480469,107.73300170898438,105.9010009765625,106.25900268554688,14760000,"KLAC | yfinance | raw OHLC, not adjusted"
2025-10-09,106.25900268554688,106.6500015258789,103.7239990234375,105.34700012207031,12477000,"KLAC | yfinance | raw OHLC, not adjusted"
2025-10-10,105.22899627685547,105.427001953125,98.09700012207031,98.2750015258789,15760000,"KLAC | yfinance | raw OHLC, not adjusted"
2025-10-13,101.625,103.38999938964844,101.48999786376953,102.5,12270000,"KLAC | yfinance | raw OHLC, not adjusted"
2025-10-14,99.8550033569336,104.24600219726562,99.8550033569336,102.57099914550781,10557000,"KLAC | yfinance | raw OHLC, not adjusted"
2025-10-15,105.70800018310547,109.28900146484375,105.39399719238281,108.70099639892578,13137000,"KLAC | yfinance | raw OHLC, not adjusted"
2025-10-16,110.01499938964844,111.69999694824219,107.97899627685547,109.87999725341797,10311000,"KLAC | yfinance | raw OHLC, not adjusted"
2025-10-17,109.83499908447266,110.947998046875,108.40899658203125,110.66600036621094,8791000,"KLAC | yfinance | raw OHLC, not adjusted"
2025-10-20,113.00599670410156,116.11799621582031,112.6500015258789,115.28900146484375,10785000,"KLAC | yfinance | raw OHLC, not adjusted"
2025-10-21,114.08100128173828,115.63200378417969,113.85900115966797,114.74299621582031,7447000,"KLAC | yfinance | raw OHLC, not adjusted"
2025-10-22,114.74299621582031,114.74299621582031,109.03399658203125,111.43199920654297,13614000,"KLAC | yfinance | raw OHLC, not adjusted"
2025-10-23,110.66600036621094,116.30999755859375,110.66600036621094,115.9000015258789,9466000,"KLAC | yfinance | raw OHLC, not adjusted"
2025-10-24,116.5999984741211,119.1259994506836,116.05999755859375,118.28199768066406,8255000,"KLAC | yfinance | raw OHLC, not adjusted"
2025-10-27,120.0,122.12000274658203,120.0,121.51300048828125,9711000,"KLAC | yfinance | raw OHLC, not adjusted"
2025-10-28,120.66799926757812,120.96600341796875,119.5790023803711,120.60399627685547,6654000,"KLAC | yfinance | raw OHLC, not adjusted"
2025-10-29,122.5989990234375,125.95500183105469,122.4469985961914,123.52799987792969,14635000,"KLAC | yfinance | raw OHLC, not adjusted"
2025-10-30,123.4219970703125,128.44700622558594,117.28099822998047,121.44100189208984,20377000,"KLAC | yfinance | raw OHLC, not adjusted"
2025-10-31,122.375,124.03700256347656,120.08499908447266,120.8740005493164,8852000,"KLAC | yfinance | raw OHLC, not adjusted"
2025-11-03,121.61399841308594,123.10800170898438,120.74700164794922,121.91400146484375,9055000,"KLAC | yfinance | raw OHLC, not adjusted"
2025-11-04,119.81999969482422,122.947998046875,119.14299774169922,119.3489990234375,12014000,"KLAC | yfinance | raw OHLC, not adjusted"
2025-11-05,120.3550033569336,124.31400299072266,120.15299987792969,122.70999908447266,9011000,"KLAC | yfinance | raw OHLC, not adjusted"
2025-11-06,122.30500030517578,122.30500030517578,119.1780014038086,120.63999938964844,11788000,"KLAC | yfinance | raw OHLC, not adjusted"
2025-11-07,119.98899841308594,120.83200073242188,116.01200103759766,119.33699798583984,11421000,"KLAC | yfinance | raw OHLC, not adjusted"
2025-11-10,122.09400177001953,122.68299865722656,120.1729965209961,121.79499816894531,9481000,"KLAC | yfinance | raw OHLC, not adjusted"
2025-11-11,120.30999755859375,121.06999969482422,118.5,119.08999633789062,9118000,"KLAC | yfinance | raw OHLC, not adjusted"
2025-11-12,120.81199645996094,120.98600006103516,119.28500366210938,119.89700317382812,8246000,"KLAC | yfinance | raw OHLC, not adjusted"
2025-11-13,118.71600341796875,119.2770004272461,114.87100219726562,116.1719970703125,12035000,"KLAC | yfinance | raw OHLC, not adjusted"
2025-11-14,113.55400085449219,117.52200317382812,112.70700073242188,113.43199920654297,14446000,"KLAC | yfinance | raw OHLC, not adjusted"
2025-11-17,113.98999786376953,115.58499908447266,111.81099700927734,113.37000274658203,13265000,"KLAC | yfinance | raw OHLC, not adjusted"
2025-11-18,111.44400024414062,114.04399871826172,109.78900146484375,112.30899810791016,11519000,"KLAC | yfinance | raw OHLC, not adjusted"
2025-11-19,113.19000244140625,117.73899841308594,112.9489974975586,116.74600219726562,9593000,"KLAC | yfinance | raw OHLC, not adjusted"
2025-11-20,118.7959976196289,120.14900207519531,109.75800323486328,110.24500274658203,11719000,"KLAC | yfinance | raw OHLC, not adjusted"
2025-11-21,109.69999694824219,111.08300018310547,107.19599914550781,109.71199798583984,14384000,"KLAC | yfinance | raw OHLC, not adjusted"
2025-11-24,110.48999786376953,114.7969970703125,110.30000305175781,113.6729965209961,15796000,"KLAC | yfinance | raw OHLC, not adjusted"
2025-11-25,113.01899719238281,114.8479995727539,110.74199676513672,114.58899688720703,9442000,"KLAC | yfinance | raw OHLC, not adjusted"
2025-11-26,115.7750015258789,116.72699737548828,114.48699951171875,115.90699768066406,11257000,"KLAC | yfinance | raw OHLC, not adjusted"
2025-11-28,116.88899993896484,117.5979995727539,115.0999984741211,117.5469970703125,3893000,"KLAC | yfinance | raw OHLC, not adjusted"
2025-12-01,116.5,117.5739974975586,115.12200164794922,115.71800231933594,6091000,"KLAC | yfinance | raw OHLC, not adjusted"
2025-12-02,117.05000305175781,119.79000091552734,116.37000274658203,118.98600006103516,9533000,"KLAC | yfinance | raw OHLC, not adjusted"
2025-12-03,118.5999984741211,121.59600067138672,116.62200164794922,121.17500305175781,8104000,"KLAC | yfinance | raw OHLC, not adjusted"
2025-12-04,120.25599670410156,121.70600128173828,119.78099822998047,120.80799865722656,7032000,"KLAC | yfinance | raw OHLC, not adjusted"
2025-12-05,122.4000015258789,124.0,121.23200225830078,121.44599914550781,6819000,"KLAC | yfinance | raw OHLC, not adjusted"
2025-12-08,123.25700378417969,124.23999786376953,121.91999816894531,122.45899963378906,8198000,"KLAC | yfinance | raw OHLC, not adjusted"
2025-12-09,121.572998046875,123.36000061035156,121.16300201416016,122.56099700927734,7827000,"KLAC | yfinance | raw OHLC, not adjusted"
2025-12-10,123.08699798583984,125.37000274658203,122.08000183105469,123.89099884033203,7119000,"KLAC | yfinance | raw OHLC, not adjusted"
2025-12-11,122.9280014038086,125.06900024414062,119.0999984741211,124.61799621582031,9223000,"KLAC | yfinance | raw OHLC, not adjusted"
2025-12-12,123.00499725341797,123.96499633789062,118.51799774169922,119.39199829101562,11439000,"KLAC | yfinance | raw OHLC, not adjusted"
2025-12-15,122.90299987792969,125.5,121.53399658203125,122.51100158691406,12584000,"KLAC | yfinance | raw OHLC, not adjusted"
2025-12-16,123.70099639892578,124.0,120.74099731445312,122.33699798583984,7355000,"KLAC | yfinance | raw OHLC, not adjusted"
2025-12-17,122.30000305175781,123.35600280761719,116.93900299072266,117.2020034790039,9138000,"KLAC | yfinance | raw OHLC, not adjusted"
2025-12-18,122.30000305175781,123.30000305175781,121.0999984741211,122.23899841308594,10565000,"KLAC | yfinance | raw OHLC, not adjusted"
2025-12-19,124.0009994506836,126.35700225830078,123.96099853515625,124.56700134277344,21561000,"KLAC | yfinance | raw OHLC, not adjusted"
2025-12-22,127.63700103759766,127.80000305175781,124.98899841308594,126.56600189208984,6045000,"KLAC | yfinance | raw OHLC, not adjusted"
2025-12-23,125.9010009765625,127.20899963378906,125.75399780273438,126.875,6007000,"KLAC | yfinance | raw OHLC, not adjusted"
2025-12-24,126.93800354003906,127.91799926757812,126.5,127.6989974975586,2103000,"KLAC | yfinance | raw OHLC, not adjusted"
2025-12-26,128.3000030517578,128.68099975585938,127.5260009765625,127.95999908447266,3374000,"KLAC | yfinance | raw OHLC, not adjusted"
2025-12-29,127.30899810791016,128.60699462890625,125.6729965209961,126.03900146484375,6415000,"KLAC | yfinance | raw OHLC, not adjusted"
2025-12-30,126.67900085449219,126.76100158691406,124.12300109863281,124.36499786376953,3843000,"KLAC | yfinance | raw OHLC, not adjusted"
2025-12-31,124.36499786376953,125.09300231933594,121.40899658203125,121.50800323486328,6080000,"KLAC | yfinance | raw OHLC, not adjusted"
2026-01-02,125.97100067138672,128.3990020751953,125.05500030517578,127.4469985961914,8321000,"KLAC | yfinance | raw OHLC, not adjusted"
2026-01-05,130.9969940185547,137.18899536132812,130.39999389648438,135.2449951171875,13199000,"KLAC | yfinance | raw OHLC, not adjusted"
2026-01-06,136.93099975585938,140.69700622558594,136.5279998779297,139.5,11414000,"KLAC | yfinance | raw OHLC, not adjusted"
2026-01-07,136.90699768066406,138.0,135.25399780273438,135.968994140625,9045000,"KLAC | yfinance | raw OHLC, not adjusted"
2026-01-08,135.1269989013672,135.38099670410156,130.9199981689453,132.4600067138672,9485000,"KLAC | yfinance | raw OHLC, not adjusted"
2026-01-09,135.74200439453125,140.4459991455078,133.60000610351562,140.0,11024000,"KLAC | yfinance | raw OHLC, not adjusted"
2026-01-12,138.66299438476562,143.22500610351562,138.66299438476562,142.81700134277344,8556000,"KLAC | yfinance | raw OHLC, not adjusted"
2026-01-13,146.10000610351562,146.98599243164062,143.32000732421875,144.1820068359375,9966000,"KLAC | yfinance | raw OHLC, not adjusted"
2026-01-14,143.08700561523438,143.47900390625,139.61000061035156,143.4499969482422,8965000,"KLAC | yfinance | raw OHLC, not adjusted"
2026-01-15,153.8000030517578,157.1490020751953,152.5,154.49600219726562,16576000,"KLAC | yfinance | raw OHLC, not adjusted"
2026-01-16,157.4669952392578,158.13400268554688,153.50999450683594,156.78199768066406,15317000,"KLAC | yfinance | raw OHLC, not adjusted"
2026-01-20,152.5399932861328,155.5260009765625,148.4340057373047,148.6179962158203,17340000,"KLAC | yfinance | raw OHLC, not adjusted"
2026-01-21,150.72500610351562,154.125,148.04400634765625,152.0,14999000,"KLAC | yfinance | raw OHLC, not adjusted"
2026-01-22,154.91400146484375,155.6580047607422,149.78799438476562,150.0,10260000,"KLAC | yfinance | raw OHLC, not adjusted"
2026-01-23,148.42300415039062,151.2969970703125,145.1820068359375,151.2779998779297,10102000,"KLAC | yfinance | raw OHLC, not adjusted"
2026-01-26,151.24400329589844,155.6719970703125,149.05499267578125,154.30299377441406,12599000,"KLAC | yfinance | raw OHLC, not adjusted"
2026-01-27,156.14999389648438,161.81900024414062,155.5,161.63299560546875,11742000,"KLAC | yfinance | raw OHLC, not adjusted"
2026-01-28,163.4459991455078,165.0,160.0970001220703,162.72000122070312,10915000,"KLAC | yfinance | raw OHLC, not adjusted"
2026-01-29,164.29299926757812,169.3350067138672,160.8209991455078,168.4709930419922,15064000,"KLAC | yfinance | raw OHLC, not adjusted"
2026-01-30,154.0,158.5,141.6840057373047,142.79400634765625,27881000,"KLAC | yfinance | raw OHLC, not adjusted"
2026-02-02,140.0030059814453,144.02499389648438,140.00100708007812,141.0449981689453,16038000,"KLAC | yfinance | raw OHLC, not adjusted"
2026-02-03,144.59500122070312,144.9290008544922,132.43899536132812,135.5540008544922,20559000,"KLAC | yfinance | raw OHLC, not adjusted"
2026-02-04,136.5229949951172,137.73199462890625,128.50399780273438,130.7220001220703,15838000,"KLAC | yfinance | raw OHLC, not adjusted"
2026-02-05,129.28900146484375,134.98800659179688,128.50399780273438,133.10299682617188,13017000,"KLAC | yfinance | raw OHLC, not adjusted"
2026-02-06,137.71600341796875,144.9250030517578,137.1179962158203,144.2949981689453,15711000,"KLAC | yfinance | raw OHLC, not adjusted"
2026-02-09,144.0,145.6999969482422,142.4530029296875,144.01600646972656,16392000,"KLAC | yfinance | raw OHLC, not adjusted"
2026-02-10,142.41400146484375,144.39999389648438,141.2010040283203,143.08399963378906,8432000,"KLAC | yfinance | raw OHLC, not adjusted"
2026-02-11,146.89199829101562,150.21099853515625,144.5970001220703,147.9499969482422,10928000,"KLAC | yfinance | raw OHLC, not adjusted"
2026-02-12,147.802001953125,149.5070037841797,143.4459991455078,145.0850067138672,10491000,"KLAC | yfinance | raw OHLC, not adjusted"
2026-02-13,145.10000610351562,149.44700622558594,143.50100708007812,146.41299438476562,10122000,"KLAC | yfinance | raw OHLC, not adjusted"
2026-02-17,144.5500030517578,148.69500732421875,142.76699829101562,147.0189971923828,6231000,"KLAC | yfinance | raw OHLC, not adjusted"
2026-02-18,147.80999755859375,150.28399658203125,146.7570037841797,148.02999877929688,6510000,"KLAC | yfinance | raw OHLC, not adjusted"
2026-02-19,145.00999450683594,147.4669952392578,144.20799255371094,146.99000549316406,6257000,"KLAC | yfinance | raw OHLC, not adjusted"
2026-02-20,145.5070037841797,149.76100158691406,145.5070037841797,149.60000610351562,6841000,"KLAC | yfinance | raw OHLC, not adjusted"
2026-02-23,148.98699951171875,151.6999969482422,145.60000610351562,148.76600646972656,8499000,"KLAC | yfinance | raw OHLC, not adjusted"
2026-02-24,150.77699279785156,153.0,147.55499267578125,150.6649932861328,6669000,"KLAC | yfinance | raw OHLC, not adjusted"
2026-02-25,154.4759979248047,157.73500061035156,154.11099243164062,154.66799926757812,8762000,"KLAC | yfinance | raw OHLC, not adjusted"
2026-02-26,154.51100158691406,155.5,146.88099670410156,152.43099975585938,11840000,"KLAC | yfinance | raw OHLC, not adjusted"
2026-02-27,149.7010040283203,153.73899841308594,149.052001953125,152.4550018310547,11069000,"KLAC | yfinance | raw OHLC, not adjusted"
2026-03-02,147.5,154.07699584960938,147.5,153.4949951171875,7591000,"KLAC | yfinance | raw OHLC, not adjusted"
2026-03-03,147.56300354003906,148.75,142.65199279785156,144.13499450683594,12669000,"KLAC | yfinance | raw OHLC, not adjusted"
2026-03-04,146.6300048828125,149.0,144.9029998779297,147.59100341796875,7982000,"KLAC | yfinance | raw OHLC, not adjusted"
2026-03-05,145.33399963378906,147.55599975585938,139.0,142.93600463867188,10777000,"KLAC | yfinance | raw OHLC, not adjusted"
2026-03-06,137.29200744628906,141.86700439453125,133.1999969482422,134.4550018310547,11179000,"KLAC | yfinance | raw OHLC, not adjusted"
2026-03-09,132.29299926757812,143.52200317382812,132.1020050048828,142.91000366210938,11207000,"KLAC | yfinance | raw OHLC, not adjusted"
2026-03-10,142.11000061035156,148.7100067138672,141.0,145.29400634765625,8912000,"KLAC | yfinance | raw OHLC, not adjusted"
2026-03-11,145.89999389648438,149.5,145.39999389648438,146.5,8164000,"KLAC | yfinance | raw OHLC, not adjusted"
2026-03-12,146.5,146.99899291992188,139.6009979248047,140.95700073242188,12596000,"KLAC | yfinance | raw OHLC, not adjusted"
2026-03-13,141.71499633789062,144.5850067138672,140.84300231933594,141.86399841308594,12718000,"KLAC | yfinance | raw OHLC, not adjusted"
2026-03-16,145.38999938964844,145.70199584960938,142.51400756835938,143.82400512695312,9557000,"KLAC | yfinance | raw OHLC, not adjusted"
2026-03-17,144.6719970703125,148.5,143.49000549316406,148.13499450683594,8535000,"KLAC | yfinance | raw OHLC, not adjusted"
2026-03-18,147.9320068359375,151.3070068359375,145.91400146484375,148.23599243164062,8830000,"KLAC | yfinance | raw OHLC, not adjusted"
2026-03-19,143.76400756835938,151.8000030517578,142.0290069580078,151.15199279785156,9997000,"KLAC | yfinance | raw OHLC, not adjusted"
2026-03-20,151.15199279785156,153.5,145.7050018310547,149.86700439453125,21884000,"KLAC | yfinance | raw OHLC, not adjusted"
2026-03-23,153.3520050048828,157.3260040283203,151.0330047607422,151.14300537109375,11738000,"KLAC | yfinance | raw OHLC, not adjusted"
2026-03-24,148.48399353027344,158.2449951171875,148.1699981689453,156.61900329589844,7823000,"KLAC | yfinance | raw OHLC, not adjusted"
2026-03-25,157.43099975585938,157.60299682617188,153.46499633789062,154.3820037841797,7694000,"KLAC | yfinance | raw OHLC, not adjusted"
2026-03-26,150.39100646972656,151.47900390625,144.55099487304688,145.11300659179688,10917000,"KLAC | yfinance | raw OHLC, not adjusted"
2026-03-27,143.66000366210938,147.9239959716797,143.5260009765625,144.3209991455078,8115000,"KLAC | yfinance | raw OHLC, not adjusted"
2026-03-30,146.89999389648438,147.35800170898438,137.4429931640625,138.25799560546875,10012000,"KLAC | yfinance | raw OHLC, not adjusted"
2026-03-31,141.70799255371094,147.63699340820312,140.0,147.24099731445312,11081000,"KLAC | yfinance | raw OHLC, not adjusted"
2026-04-01,148.42100524902344,153.9929962158203,148.3800048828125,151.98399353027344,8799000,"KLAC | yfinance | raw OHLC, not adjusted"
2026-04-02,145.41700744628906,152.8000030517578,145.10000610351562,151.6840057373047,6615000,"KLAC | yfinance | raw OHLC, not adjusted"
2026-04-06,152.2779998779297,154.1999969482422,151.74099731445312,154.00599670410156,4118000,"KLAC | yfinance | raw OHLC, not adjusted"
2026-04-07,152.36199951171875,154.89100646972656,150.72799682617188,154.88499450683594,5273000,"KLAC | yfinance | raw OHLC, not adjusted"
2026-04-08,166.61900329589844,168.62600708007812,163.5330047607422,167.23399353027344,10201000,"KLAC | yfinance | raw OHLC, not adjusted"
2026-04-09,166.98899841308594,173.47000122070312,166.91600036621094,172.7259979248047,9395000,"KLAC | yfinance | raw OHLC, not adjusted"
2026-04-10,174.76199340820312,175.99600219726562,173.21800231933594,173.72799682617188,6864000,"KLAC | yfinance | raw OHLC, not adjusted"
2026-04-13,173.46400451660156,177.1820068359375,172.02699279785156,176.8780059814453,8301000,"KLAC | yfinance | raw OHLC, not adjusted"
2026-04-14,178.875,179.8000030517578,176.5399932861328,179.59100341796875,8713000,"KLAC | yfinance | raw OHLC, not adjusted"
2026-04-15,176.60000610351562,177.03199768066406,168.05099487304688,174.81100463867188,11639000,"KLAC | yfinance | raw OHLC, not adjusted"
2026-04-16,171.85800170898438,174.2050018310547,169.64599609375,173.48500061035156,8323000,"KLAC | yfinance | raw OHLC, not adjusted"
2026-04-17,177.12600708007812,179.1750030517578,174.40699768066406,179.1439971923828,7254000,"KLAC | yfinance | raw OHLC, not adjusted"
2026-04-20,179.16299438476562,180.6750030517578,177.0,180.53199768066406,6231000,"KLAC | yfinance | raw OHLC, not adjusted"
2026-04-21,181.39999389648438,182.32699584960938,177.2429962158203,178.53700256347656,6761000,"KLAC | yfinance | raw OHLC, not adjusted"
2026-04-22,181.2989959716797,181.4340057373047,177.66400146484375,181.20599365234375,6840000,"KLAC | yfinance | raw OHLC, not adjusted"
2026-04-23,182.43800354003906,184.45899963378906,178.85299682617188,181.54299926757812,9285000,"KLAC | yfinance | raw OHLC, not adjusted"
2026-04-24,185.2779998779297,193.93600463867188,184.4720001220703,193.5,11431000,"KLAC | yfinance | raw OHLC, not adjusted"
2026-04-27,190.97300720214844,192.677001953125,186.7779998779297,190.0,11196000,"KLAC | yfinance | raw OHLC, not adjusted"
2026-04-28,177.8979949951172,185.55799865722656,177.26600646972656,180.89700317382812,13398000,"KLAC | yfinance | raw OHLC, not adjusted"
2026-04-29,182.95599365234375,184.0,178.63999938964844,181.62100219726562,10921000,"KLAC | yfinance | raw OHLC, not adjusted"
2026-04-30,168.8000030517578,178.86599731445312,164.60000610351562,175.03500366210938,18906000,"KLAC | yfinance | raw OHLC, not adjusted"
2026-05-01,173.3000030517578,174.50399780273438,169.5,172.62600708007812,7892000,"KLAC | yfinance | raw OHLC, not adjusted"
2026-05-04,172.0500030517578,175.11399841308594,167.6790008544922,171.33200073242188,7916000,"KLAC | yfinance | raw OHLC, not adjusted"
2026-05-05,174.52999877929688,176.718994140625,171.58700561523438,173.2899932861328,11941000,"KLAC | yfinance | raw OHLC, not adjusted"
2026-05-06,178.468994140625,182.47900390625,175.92599487304688,181.62899780273438,13409000,"KLAC | yfinance | raw OHLC, not adjusted"
2026-05-07,181.7310028076172,181.99899291992188,174.60000610351562,176.3249969482422,12416000,"KLAC | yfinance | raw OHLC, not adjusted"
2026-05-08,181.66299438476562,188.906005859375,180.5,186.91900634765625,12894000,"KLAC | yfinance | raw OHLC, not adjusted"
2026-05-11,185.27499389648438,189.74899291992188,184.35899353027344,184.5189971923828,12129000,"KLAC | yfinance | raw OHLC, not adjusted"
2026-05-12,180.2429962158203,181.43800354003906,174.3000030517578,181.13499450683594,10294000,"KLAC | yfinance | raw OHLC, not adjusted"
2026-05-13,183.593994140625,186.49899291992188,179.49000549316406,184.9709930419922,9381000,"KLAC | yfinance | raw OHLC, not adjusted"
2026-05-14,184.51300048828125,191.11099243164062,183.06399536132812,189.29400634765625,8100000,"KLAC | yfinance | raw OHLC, not adjusted"
2026-05-15,183.0749969482422,184.5500030517578,180.25599670410156,180.4320068359375,9804000,"KLAC | yfinance | raw OHLC, not adjusted"
2026-05-18,182.08799743652344,183.3249969482422,173.6219940185547,175.64500427246094,9469000,"KLAC | yfinance | raw OHLC, not adjusted"
2026-05-19,170.8679962158203,176.5,169.0279998779297,174.05799865722656,11170000,"KLAC | yfinance | raw OHLC, not adjusted"
2026-05-20,177.6999969482422,183.58599853515625,177.3000030517578,182.94700622558594,9000000,"KLAC | yfinance | raw OHLC, not adjusted"
2026-05-21,182.89500427246094,187.5,182.31700134277344,184.21800231933594,8205000,"KLAC | yfinance | raw OHLC, not adjusted"
2026-05-22,187.49899291992188,191.01300048828125,186.17300415039062,188.83799743652344,7231000,"KLAC | yfinance | raw OHLC, not adjusted"
2026-05-26,193.67100524902344,202.281005859375,191.43299865722656,201.13900756835938,11503000,"KLAC | yfinance | raw OHLC, not adjusted"
2026-05-27,204.66299438476562,206.00799560546875,194.50100708007812,195.718994140625,9502000,"KLAC | yfinance | raw OHLC, not adjusted"
2026-05-28,195.6300048828125,196.0540008544922,189.13800048828125,192.76300048828125,8855000,"KLAC | yfinance | raw OHLC, not adjusted"
2026-05-29,192.99000549316406,197.5,191.14599609375,192.17100524902344,11457000,"KLAC | yfinance | raw OHLC, not adjusted"
2026-06-01,189.85499572753906,194.80499267578125,188.60000610351562,194.00399780273438,7359000,"KLAC | yfinance | raw OHLC, not adjusted"
2026-06-02,196.64999389648438,204.75,195.0,204.52000427246094,10611000,"KLAC | yfinance | raw OHLC, not adjusted"
2026-06-03,204.82699584960938,214.552001953125,201.95399475097656,212.51100158691406,10200000,"KLAC | yfinance | raw OHLC, not adjusted"
2026-06-04,205.38499450683594,215.66900634765625,203.4010009765625,213.11000061035156,8253000,"KLAC | yfinance | raw OHLC, not adjusted"
2026-06-05,204.3040008544922,205.49600219726562,192.7729949951172,192.9199981689453,18586000,"KLAC | yfinance | raw OHLC, not adjusted"
2026-06-08,203.0,213.52099609375,200.3560028076172,210.80599975585938,11659000,"KLAC | yfinance | raw OHLC, not adjusted"
2026-06-09,217.0,226.28199768066406,199.5500030517578,213.93699645996094,16366000,"KLAC | yfinance | raw OHLC, not adjusted"
2026-06-10,216.64300537109375,230.4409942626953,212.25599670410156,213.56399536132812,16030000,"KLAC | yfinance | raw OHLC, not adjusted"
2026-06-11,221.33700561523438,243.12899780273438,220.6280059814453,241.16400146484375,17694000,"KLAC | yfinance | raw OHLC, not adjusted"
2026-06-12,237.60000610351562,254.92999267578125,236.0,254.5399932861328,10056600,"KLAC | yfinance | raw OHLC, not adjusted"
2026-06-15,263.57000732421875,267.1700134277344,251.11000061035156,256.4200134277344,18368200,"KLAC | yfinance | raw OHLC, not adjusted"
2026-06-16,254.42999267578125,255.85000610351562,237.1199951171875,237.3300018310547,14048600,"KLAC | yfinance | raw OHLC, not adjusted"
2026-06-17,244.9499969482422,251.16000366210938,237.66000366210938,238.72999572753906,13213500,"KLAC | yfinance | raw OHLC, not adjusted"
2026-06-18,251.77000427246094,263.95001220703125,250.5,259.55999755859375,26167300,"KLAC | yfinance | raw OHLC, not adjusted"
2026-06-22,265.6099853515625,269.8999938964844,262.3800048828125,269.1600036621094,11719800,"KLAC | yfinance | raw OHLC, not adjusted"
2026-06-23,248.05999755859375,251.22000122070312,240.55999755859375,244.49000549316406,18703800,"KLAC | yfinance | raw OHLC, not adjusted"
2026-06-24,242.11000061035156,245.3000030517578,235.0,240.47999572753906,11543700,"KLAC | yfinance | raw OHLC, not adjusted"
2026-06-25,255.14999389648438,260.8399963378906,243.50999450683594,258.79998779296875,11963400,"KLAC | yfinance | raw OHLC, not adjusted"
2026-06-26,246.77000427246094,253.0,243.08999633789062,248.63999938964844,21394400,"KLAC | yfinance | raw OHLC, not adjusted"
2026-06-29,250.02999877929688,279.3399963378906,249.32000732421875,278.3900146484375,14628600,"KLAC | yfinance | raw OHLC, not adjusted"
2026-06-30,280.2799987792969,307.3699951171875,279.0299987792969,301.7099914550781,19909300,"KLAC | yfinance | raw OHLC, not adjusted"
2026-07-01,285.5199890136719,290.8399963378906,259.79998779296875,266.19000244140625,24163600,"KLAC | yfinance | raw OHLC, not adjusted"
2026-07-02,266.0,267.3299865722656,228.00999450683594,235.5500030517578,23622500,"KLAC | yfinance | raw OHLC, not adjusted"
2026-07-06,246.32000732421875,246.32000732421875,231.16000366210938,233.30999755859375,12130800,"KLAC | yfinance | raw OHLC, not adjusted"
2026-07-07,217.1199951171875,223.7899932861328,210.86000061035156,216.47000122070312,17710900,"KLAC | yfinance | raw OHLC, not adjusted"
2026-07-08,215.77999877929688,223.39999389648438,214.3000030517578,221.17999267578125,13082600,"KLAC | yfinance | raw OHLC, not adjusted"
2026-07-09,239.02000427246094,247.49000549316406,228.0019989013672,229.52000427246094,12966254,"KLAC | yfinance | raw OHLC, not adjusted"
